4985592
8455904
7012306
9702729
1121165
6958823
3170972
6742412
8805222
3128629
7763464
1364988
7982567
4318313
7423682
8818877
6538149
3385726
7476695
6014330
3135904
6916213
3549413
832032
8779690
9725831
7102431
6284946
7171505
9544251
7671578
8115788
4799847
9914181
2311606
3485031
9107335
6333574
4785499
552648
7500346
4413866
9862985
8200707
8938655
8772997
5165859
1778520
4234792
6029717
6554455
7780936
8062135
3644631
7381449
3903776
2203018
9013841
4819535
4390728
6398265
3197870
8398859
6707395
3327483
2448922
6281818
1226124
1827610
5636178
4799168
7365615
905037
1199591
9667748
6957161
6256022
2920219
846526
6989168
9580224
6705667
836004
1437058
6679891
5875114
1317953
6112492
9957496
5352837
9147867
314310
493463
4483606
3405851
3907532
6385967
4775162
7336700
3683809
9183207
5391399
3538068
1808493
3712
1888244
123697
128373
1114710
4014361
9477188
3100922
5992581
7407210
5313226
4660981
7151447
1614537
9214585
6104628
3558807
6049154
6636525
3964169
475103
2333913
1178221
6965589
8421985
9493454
6936066
8993695
6106066
7252155
6200072
606963
1657786
1131239
8030979
3004063
2958024
4182649
8567746
9337607
4714809
3435391
1189036
8563892
2443614
5840805
3168668
2874592
4760457
8364604
9217653
3023961
9136629
1405485
312299
9722732
9799233
4211755
4475653
936643
354559
8139834
3679619
5617584
2087469
2615778
1583120
6806682
1642880
1505153
8209167
8124060
9649113
3424322
9895827
5740371
5687928
1499477
8052389
7122266
3637213
643462
7926554
9371665
7455858
2391647
9570756
5693571
3941885
8931713
2405061
4472633
5433883
3020912
4553913
8091338
7688307
8637786
2433548
8604470
7762669
2844879
2372702
2014728
7943741
4636576
3307015
9502202
8870249
5414312
7912890
7716568
2007129
2406982
5700169
6389311
5498851
8148800
7958287
1980221
8177392
4055280
5104145
5610797
2026499
5758441
2821335
2129202
6698198
9428558
1851619
398126
3071039
389195
2206295
7931290
3884024
9434072
5070138
7950769
2927142
754237
3904498
6218298
514748
3862587
7538611
8164457
5224014
3226435
9892916
5487717
9665337
1584763
1793457
5972894
6240793
3899199
8073248
2850358
528962
6069251
9362713
6079909
9487196
2368668
9573411
9112535
2474738
633137
1716389
6339410
8682560
8838703
5702178
2887910
4341325
4748257
2359172
5968235
2400753
350833
6454849
6984839
7476797
7101799
510968
9502463
6125980
2045495
5841896
5282532
1623472
3255939
455958
2106917
3165177
8848457
1308135
5996491
2137668
128380
3698178
6481233
9949236
3481864
8335350
3101952
2408239
5871469
6952039
1111630
9072596
3921551
352178
629138
6561925
3551704
8262364
5407008
9720661
5539495
273193
6059815
1687192
4511816
1932502
1904907
9837933
480062
8601977
6536691
6419468
1766808
9588384
9184131
8869862
1238053
5441852
2789660
859225
1995609
8073237
4452795
160836
1848577
2719817
3372932
7403633
2805498
1590945
9689660
3760968
4343724
8633222
8219708
9591915
386116
3956195
6727719
3191788
6645783
274421
4005556
8830423
5328689
7752062
1740491
4667427
5489300
3534799
3453587
4879385
2996361
4690267
7794902
4169189
2622801
5038900
7043077
4217634
5284630
2779955
7667344
6800439
2670883
8240079
597151
5126535
5373848
95917
5117589
1760169
1373787
6622209
3739683
1888568
1977488
8796817
1818276
2964989
6117018
9528057
2381172
5494565
9062820
8582902
7145702
2618225
2501628
6514991
7469050
9361930
9605168
4879981
2157021
4426605
4687004
5056644
9980117
6042234
4133551
8277660
7206142
8924330
7084329
2423680
9873982
6234961
7824198
9294467
5684757
3326072
1890329
8078703
6002970
7027949
8359035
4539763
5574707
9199050
924839
3832632
3926447
9190875
9419457
1016483
2310986
9833409
2150404
6189553
4936978
4687112
331204
6010696
7096365
7155910
6049429
2490436
8901607
6086231
9400434
4901686
6106946
3714096
7374121
37222
8733060
2404614
3287149
2485864
7765778
9659715
9462539
8254541
2548898
9157275
5973729
8195297
1243636
5347056
3650199
2180939
1689555
5623805
6367536
6634443
1533354
8826415
7631629
8863363
4855158
7987127
9888456
2304857
1432158
1571854
165539
3928697
379699
7251651
6694372
8417568
4274790
5170397
8818676
6380743
9338324
5564015
5732140
6892547
4972137
8142822
6177859
3738495
1438726
3888815
3684984
9024780
4231786
2093713
1204303
411237
9204253
2807925
6184460
3665569
2500677
1389832
5951373
5542407
7552051
610405
7681451
2888612
311608
3954917
5910962
4257029
6029195
3310997
8017282
8548811
6248232
678470
2769524
9586495
7324717
5292335
9140007
9936313
2185802
5369416
251631
8957717
8928644
7380140
8259394
6427089
9119439
4943143
1978972
3593165
6681463
7710866
9565463
6394171
4772577
7827205
1901921
2958309
9345563
2625933
6059738
9866395
3039420
4633478
2722917
831364
9200044
3459115
3316576
8149665
332463
4621567
3721895
4264874
830252
7891784
735297
8141302
2310693
5964948
2072575
9088063
1900584
5674940
5527334
6025272
4421597
565928
2591233
1448386
1030676
3169324
3751989
3459695
4996439
7506155
1110504
1336933
9285684
9090043
5286275
5438835
6137300
5263087
8445452
6039923
8845186
3101791
7899393
3496000
8321089
5100299
7655744
8430341
8549075
9648343
7261500
520587
9359761
7741212
6455299
3402598
8210718
8512584
2120181
525355
8295915
9708985
728541
4636228
2952278
1090541
8421665
8413864
6279332
2638188
6424044
7164069
4173139
7439485
5782851
7032361
4045676
5492122
2969237
531732
8195915
7633045
6563859
4494725
9424591
6788298
5586871
8940810
6283815
8132287
1206908
1747327
1379976
7221180
7634979
7100083
9577126
8514860
7538443
9456798
5905805
7431383
6262370
7798514
224505
3099571
1643670
8351114
1203173
3396860
1136571
4885026
159503
9364390
4451056
8908043
5205640
5149265
2970110
3093745
8667199
2416755
4098938
144049
4656878
2614451
2970623
8056947
9891950
6028871
5362785
9473921
9212960
8488836
6709589
9414305
4380938
86557
1819097
4693552
6000261
6572172
1051623
3520120
259333
9858162
1565910
552596
319159
9572829
3072677
3699941
9934256
8804479
1971697
9319659
6894421
7390916
2699359
3598945
7087239
6175367
2885731
4434484
2667407
8205059
2649521
2152862
6701984
6624796
6905142
2822395
2552508
7595527
1168301
675825
4376929
9069873
1917069
5815092
6271972
4795977
2615062
7861510
7307926
7929333
3863
2065508
4423613
3866945
2016639
1194710
517342
7837858
99762
1865747
945563
5935955
3979240
9117783
2340337
7270342
4653248
990531
520047
6440081
6188755
1135878
2577677
5259019
1929730
72069
8737100
5378617
8928127
8645866
947821
5085095
1637024
4434482
6387143
4299536
3376806
744443
1832302
8512852
6736254
2436442
5216434
838627
1833415
4590150
1574755
8394816
7839574
7916262
7007392
7009740
9267978
4849316
3002889
4606083
367468
6263026
210082
2779606
5232171
2895141
3786539
9300468
5908697
5472726
2070993
1254610
3362786
9904242
8865781
9416167
9555545
37487
6415777
4534140
9207287
589418
4221685
1665796
2136995
5144784
8348927
8273938
3448466
1366104
7261553
2685229
9207833
7786699
559165
2624625
1201175
2966323
1466484
9867515
6430049
6169799
9650312
3023924
1913520
6933998
7854937
8202436
782280
3350849
6253733
5214037
3343285
9990242
1422594
1617841
7801232
4838554
5437291
5076255
5306347
6738126
8418897
2999524
3309038
3480254
6647526
1109490
4585321
826013
4843612
7461331
8546024
8245528
6238688
7819549
645437
2790331
4047834
1430655
2515343
2992969
9608988
6650824
1963392
8777267
6713277
5340509
1462428
7490754
7851123
3655695
8905891
3178382
6891162
2034868
3977955
4415469
4984006
9987549
6227433
331530
3256651
3478435
5435891
9025097
3402684
1713489
7942033
261275
4492962
2559304
4452644
2377586
8545477
551815
1758620
3067736
4136976
5870942
1046436
8665442
6076437
7431884
6759864
8271534
933030
9431939
239746
2399191
8666683
3101312
5459023
2776384
5356410
2773250
9328915
9216635
6742964
7355358
3856759
727224
7911168
8493981
3839281
4121381
1329782
7287643
6139528
2661976
9514084
8087116
9199727
755407
8795878
6416908
4814133
1597854
1574213
5199005
69404
815382
5478369
4756522
493733
8630629
2195667
6342774
5303849
9382340
6194746
1261181
3559712
4799071
8551990
