575898
9653305
9187188
7669406
5203562
6041217
2220016
795132
6162206
9429641
4576717
2981668
7505246
9864399
960807
7824920
9386731
1681981
6117189
3308361
1094181
200941
5732371
2835803
543606
4803258
5361580
2966978
4601698
143446
4192121
4891474
7544510
5000531
5886684
2189625
3828142
6965608
9406565
3023189
2227813
3852697
9316713
1913485
1075807
8633446
1392977
5889418
1875114
7941275
6786660
3606945
6288399
8909469
7941736
1759705
1895781
4710875
4363311
5493956
4306799
2263718
2356194
3429999
7413217
546856
257380
8337759
8696310
5984367
7638303
6234422
1805749
5238324
1138865
5128147
2833123
7000365
2951392
7171659
9513017
7889970
3596711
6516427
4316397
3049579
3999557
7506819
6409015
3782845
4461261
8859241
3553417
2041136
3322425
4450365
9721527
1828371
2436788
6942147
2817265
3547985
8960221
1588167
244361
8294709
9925009
1965685
3633594
375511
3551698
2540359
8605499
3080563
1631572
8034740
5774002
4254803
9874598
4967696
4603375
6058755
7555473
7030985
6550105
3332088
1605899
7456140
3423674
2980637
796584
2278286
3287530
8228598
8897272
6361816
8242959
773133
9912473
1372170
8816638
3080555
2619191
284630
6846452
1844844
2467076
6766304
9899793
928967
2787869
7133728
9707516
7771192
8911077
8028589
8600552
5689561
9340490
7676088
4080825
6166884
3228393
4795542
3443318
5294944
6295526
8918864
4159891
8776563
5754472
733780
6679989
7273239
7126791
850926
4900280
4961305
6095994
2165955
7936600
5894492
6127326
8166490
8315108
8212568
2142724
7996054
768065
6372010
424260
2553434
1785113
2274253
1944715
4562209
1763356
3408773
6655067
4931191
1942471
6743488
4188533
5575428
3234730
3658926
5561905
1215582
9000645
3785682
7602686
2450398
4946873
377726
7727739
2190458
5304716
5602009
3995024
3970578
1569621
7811818
1734161
1378990
1043813
9192912
7096280
3179806
1266178
8194493
2317013
1392245
3745898
3744705
7983900
8526194
2830162
811118
3186442
6908678
2519960
1683907
3478376
5498620
6529108
8228326
2390805
8852666
6272369
3431541
947347
1490267
6830379
1256244
7115122
8322698
902858
4280852
2416521
8060779
3155912
104492
412406
4805245
9145985
1287630
9503547
5006024
3910586
3599372
1842769
7955174
7905970
3967132
3552353
7687632
7700450
5861279
5116122
2172492
6184859
5315336
2029589
5589167
248500
9977641
7571065
3216819
3684847
679672
5852204
5596468
3276998
7683664
8056684
6947746
1215369
2067765
8274023
309420
8434828
7268906
3882889
9334276
8215353
4067963
4558469
5034079
9134369
6548570
1634120
783778
1633312
8767692
7657627
4036413
7380457
8976990
3304293
744946
8577794
26713
8312793
4938636
7049204
7559874
4959582
6462604
6424032
8947837
864406
485461
9451597
6139982
2943253
8745176
2988133
8563201
1181816
949163
8145860
9566920
9683491
9847148
2191534
3731462
1948474
4500894
115357
2799683
3393723
9375468
7144444
2553108
9675217
3394631
7874368
8886651
6341792
3646504
2160945
841545
7673612
325229
8502893
8603436
9484732
5385305
8925653
3994838
7187993
9659278
4760544
3966058
9844836
8735751
41479
9902359
9233702
925858
6502945
8126452
1059722
3835949
8765546
6320012
711948
8193235
4903415
6547108
2004726
2743730
5772941
5565793
4840312
7414609
5836602
7362181
7698935
1797137
5102596
9407486
6878689
9763293
5692446
9773638
5409146
60637
4395894
8557861
6978834
871478
69562
8268869
571369
6967851
2391620
2283796
9505687
6712095
3378586
3070466
6904080
4198462
648121
5151949
9465032
2925365
4202946
8191296
7092659
8912773
8063532
6208663
2157818
3206537
9145775
924796
2145453
5998220
9396913
5560813
9016279
3990994
8891797
1224737
2172857
3592826
5982787
7688492
9286960
6764710
1211222
9972191
8093327
1190071
8405540
6740216
6511887
6459240
1321627
2999354
9221804
2624305
3892832
70158
8074435
4105796
7421478
7835298
4616992
5827562
1438842
3706180
5631588
939716
6719615
2046929
3389948
6287203
5847545
2188188
8420694
182884
7670219
9980980
3017341
6679029
7161376
56085
3672291
9761550
3576175
6491409
6868666
8516751
5743177
3039802
6336885
6597869
6815302
5443924
2101473
2528780
404555
2660902
3612771
5725022
5518125
24301
2684435
8432609
5381261
7191945
8860635
6330807
386566
9514261
7444913
5892711
2642678
8290422
6174602
3111003
5429414
1820277
5866813
199469
7031588
1820683
3842295
6615079
1402347
4469434
414367
825516
2439291
2330610
3168158
3817608
2797353
9634496
7122818
2671848
7486215
2434300
5787777
5309060
7065630
3289168
3075089
9619369
6660141
425734
8971457
4319552
6035141
6819781
626565
8443931
7857174
1479631
562373
4597643
1926765
4563991
1377517
3690819
5054762
9866681
7075171
706923
164346
4590587
2208512
4956612
8660347
7204114
800687
8202200
8033451
1351712
8318562
2108905
2252944
2197576
6497973
5446236
1271890
7669521
1790317
6683765
2874508
2855933
8039309
3009340
2877385
8331746
3640186
5317701
2017816
5726204
9561350
4190698
4216931
6683216
7045921
8360514
6500681
8086906
1524982
5492932
242102
5615231
1959153
7655322
3383393
5875522
5235493
4542793
8784216
1091906
6489989
7951277
2563661
7922178
6671395
2807892
1665760
1968803
5133519
7931057
9670733
5938827
7717573
68783
9492753
1956685
2483201
1189201
2455500
5241341
9204612
257427
8298114
6265606
4539222
105867
7405879
5970227
848839
4211857
6729027
2589122
8529746
1906361
8066985
2628994
7476888
4278124
6747303
7249489
8295329
1027190
2279531
223090
801572
7655200
87992
3988717
7021009
5848463
3535976
9067179
7035274
6687473
2959677
3027521
2619812
1520959
2596278
3733363
1585570
9435150
8205205
6521695
1675442
2712040
6535566
4414938
2840330
9669456
461554
2249899
4059908
6956815
6964405
4124516
3648369
5161031
5987643
9348116
556168
955761
6557837
7131273
2842195
3869618
7296686
9247098
9822719
7350409
3612633
5991218
44903
826988
4646875
5133789
8074077
8969304
2579874
3006330
2406704
3896324
8185127
5965754
5027096
174224
5766751
7382212
9123681
473324
6296303
960684
3502591
1609981
6502499
6811548
8702915
9113650
4456993
5700079
1991730
6660649
4580053
5642124
8275548
9859669
3018778
8385798
7309216
5909034
6137643
6160598
4915469
8322187
7582411
4183488
5341449
80125
1919392
7582554
3941984
118488
18996
1939551
7363880
8019800
1422118
8503063
6294646
1114476
4329336
655776
5663450
9475557
4803477
1231188
2699451
6187366
2846219
4022575
1812800
5806978
19501
6806482
2079892
6159237
2482858
1758207
7776364
5825764
6530625
5576198
5639963
171679
4705631
4749002
2991256
2886227
7197111
2266216
7879729
2252238
5412164
6799858
9612874
3193719
3443700
4357390
7244474
7219453
2202146
7128825
844220
1466430
8880435
699471
1197430
4998794
1016820
8169159
7010121
4265572
991546
1026654
2267174
7023429
1713311
4990040
52252
6686555
7350947
4295399
4242031
3775529
7332886
8478010
5018440
8307014
9503078
9751103
255591
6763447
306875
2721089
1957253
6474861
4177665
4577354
5359226
8738659
8111828
3247784
5905508
8220667
5258814
4013939
8233767
2756965
7206562
6003876
1982636
9197851
9733985
1405779
3649818
3905278
7300833
3577477
517226
215228
4009237
3713276
1574503
5197483
9077079
38094
3443667
4244549
4991676
823219
7596091
8491275
373075
6959375
4608580
1641855
2128576
5720056
2145924
7781357
1981663
8261688
8627404
7369614
6066448
9326442
4596516
4246678
7472001
8782672
4321063
6781834
631205
5948816
5589442
2396966
9654510
9624546
5967013
6709200
742265
2487367
1913386
1812116
4289982
9749853
8797815
3009359
3682960
5800749
7334277
5305090
6480757
5911375
579681
9652974
1478809
4793485
6064667
3774027
4166550
1228376
3672067
2544332
8072679
6744281
668116
62722
9572749
3643089
9146006
4081769
7474019
3280579
1276602
370789
8690349
2253427
170202
9375091
4553773
2543366
2286108
8343920
9344072
6952207
5156216
1142173
2834783
9594151
248334
526799
9457130
9401172
5432558
9658138
5267005
4160139
4373038
7128332
1684713
8485953
8792205
8902795
2642359
3298914
5041652
1259238
2705172
9804534
1185214
7148502
1476461
8486164
4252166
328760
6877502
2671361
2208486
6789487
4589834
3462051
7914412
820595
2185261
5571321
7622242
5600149
5407882
945696
7439729
4740033
4148530
3111353
9597991
2912339
6868039
4588400
8698336
7735784
1438038
1346556
4532690
6916705
6006794
1917906
3728108
5738175
2980972
5954198
5205036
3866426
5330613
3348689
1652919
9558074
9353828
587218
6381855
758077
2647416
5079193
3270305
5548523
7073680
8179492
499522
465011
2729513
8513756
1593531
1593677
8543219
3473859
4663747
3492243
321993
161694
1446993
7115035
7788187
6393488
7694135
5214369
2910183
9391905
5931074
5963480
1934774
1339818
1205623
1233954
9012324
6859271
3707524
8178820
717045
924116
7365982
5293611
1558646
4608075
645246
6947920
2944193
8440232
5333212
6687338
3663969
7697519
827567
7065531
1088034
7019926
6626912
9388830
8859010
7346980
4002509
4882362
6235148
7745393
9003218
4728197
3337312
5152523
6205835
7966583
5965347
9170618
3999940
475171
7038458
3496324
7115850
1037342
5972011
6152709
4802849
3051735
7064407
9851321
7785770
9017350
8785118
7461449
2155243
3546293
3428567
9589745
1381089
1834334
3765847
6585997
987315
2339748
7517253
1481356
9314369
8547673
7761909
2791257
5343202
722148
1876930
4843119
7522492
3642115
4364567
8086266
1475817
1569246
2172751
2246588
4808614
8105363
8077486
8123387
2515117
2861885
8938927
3927618
2858656
2735505
7312256
310719
8263970
9079537
1802085
2518350
50402
2140182
7418664
2060557
6856243
8237101
6605769
6345351
1316297
9831021
4833511
1736767
2555874
5229171
232480
376717
3827152
8814899
7169885
2601886
5094488
2617754
3943195
6508471
2397200
5566701
844037
8316965
1770841
2383872
2921247
3250246
8251774
5093818
6501219
600413
957931
4640943
2702934
2344588
4602964
2776163
9847263
8137587
2204013
1597965
3351953
4302486
5870934
349436
1075193
9716464
1921699
2014384
4976575
594818
5931055
2378136
6031512
4226163
1044553
1703224
5851734
7691008
308580
2515296
6225063
5721173
1084111
4045809
5309630
1586993
4416969
186908
9069877
3285244
937910
1470593
5302349
604465
8492620
2012340
4201589
3506608
5625446
8396528
5969789
3715550
4715227
1523221
6215489
3365574
9230575
3066085
1609587
3449741
543191
3867028
5233499
7448605
1249876
7021635
15167
4163017
306207
9088333
1727700
9749957
9053175
4002641
828628
1265023
9773761
8620283
4787783
194309
3770411
5306677
2925225
6758205
2802978
6124048
1959796
4493943
4152652
5918863
7403212
2598461
4486632
5332684
4144894
3683245
5162930
7814243
4925484
6884716
9291814
1260274
7805250
9175159
7275980
2149207
704362
8214708
270308
7965804
1249934
9617634
7069105
431128
1452824
2351548
6792051
4763716
6768215
5745524
2294969
5755065
3789431
9184870
9529752
4386373
1735309
4880627
3586040
8766057
1533154
888114
7602588
1961034
3920730
7422073
6731879
6472182
6821859
1556050
3086527
3008089
3634763
9449013
9948113
5768819
3310914
407286
7109919
464479
5464813
9694818
9223755
4194043
343108
7183996
84953
4757132
9402105
7453502
3485934
6644819
2947238
9662418
4889072
756460
6452518
6505436
6888027
3866740
3051898
7677765
5730052
255809
4262459
161021
2617724
4616095
4700889
4930774
7457216
9410660
1759240
7302993
4735141
3146000
6966330
2023367
742433
9262203
2308395
645040
7540047
6467122
6694087
1624681
6906807
5989221
743282
8290570
9169489
2242736
6794859
1140570
5930207
2385579
3399879
3313092
2020671
1752645
2152736
9119541
9020634
3036184
5947191
7827969
1840891
4463754
6433250
981722
5178932
5111333
1619243
9649101
4972186
9729716
4641731
3343111
5151275
6082069
6595674
9350769
9162555
6683064
6086984
892872
4143550
9199819
1609123
7609818
2785082
6033769
8668511
5450464
1306642
4270216
727473
8885730
2744058
5874510
1615721
9750518
4478678
179474
1346553
571177
2001320
809087
1151687
889507
9221224
7322073
8333250
4461372
2364958
2916210
8399191
5390720
2577596
7759790
8265096
7000134
934824
5549573
9151985
1900650
5753900
511708
9192196
3615019
2977299
4167214
9046447
5834506
2040584
3777567
8796977
7871520
8511072
1444239
6073554
5166276
6340109
250869
7631181
5764538
4531856
8591451
7977599
2254871
38472
1767491
449597
1188907
3807365
4600479
9453890
5423759
5214440
9549497
9516589
5836739
5218704
6573423
8919409
2593994
6738027
9383884
8435205
1530395
9666778
9463996
4358653
5090812
9098249
1035232
2568084
501698
5148232
7782834
3298596
5092326
6013512
2213464
8414383
9079771
5615817
2894826
7763627
4983605
6353534
2278174
7133583
8232182
5063665
7257042
2442384
3494382
7056316
4291502
3634989
2176589
4372260
2202008
2637877
8768866
4319079
6815429
8286527
6255614
8103289
833730
6587128
2463717
2070433
2848280
1894293
750504
7566100
1679239
9734495
3450807
2729494
1504326
6590383
5391974
399053
3221412
8210087
6259596
6898449
8286608
4443456
8983642
3278151
6744881
7693615
6761815
3066859
4552274
5049957
9751137
1566622
1727211
5693719
2051379
8801002
3193297
2305831
82351
5488556
2549120
5239344
458101
7766369
8992744
4981109
4952666
3340354
360147
8047504
4774292
2679204
4503931
4424487
5125477
5915267
3387455
9168811
9446202
2464266
2339412
2944606
7778779
5930120
5017180
8078098
9854075
2133120
274861
5840064
4194639
7851668
9954704
8364849
5982022
3464365
1078083
2310728
5720725
5983097
3194361
6032296
3111273
7527370
4715682
1599829
261233
7296390
2851887
7802179
2320826
5475112
4555930
5002043
2049573
4889077
8005093
6739189
2374362
9675542
418745
485505
6647119
470925
1086835
1308220
3975038
9821370
9147021
3415498
647209
4917316
7228520
9899754
4166221
491827
1011007
353946
3569983
5236940
4690145
8035722
1030163
7506155
6399828
2063649
8915870
3214016
597984
3720758
3220121
5084654
9642636
7885642
9494980
1002504
975670
546076
8312851
2678275
7175796
8765948
7824043
3138034
3969530
1091876
7680321
2177570
6744288
2482376
6202643
4264723
7147859
8615084
6840142
5392680
7951696
4768306
945857
2384966
655405
2768433
7300492
254751
8872198
2267818
3704556
878344
294557
2672625
7210762
400253
3465350
1672565
6398173
1859369
6322463
9157160
9954916
577288
4343695
4015654
6781129
1155262
772258
9296572
1589503
6191519
1843518
3443630
1017661
9752783
97388
6612158
8930663
1986180
7928458
1052283
6141898
8301845
3173044
2097731
6679838
435337
556469
2074766
1861128
5572081
3913049
9089889
4467374
1916315
412256
6628179
2085057
5672727
8584286
5158643
186240
2471631
4319948
2020266
6528336
2272167
2494649
9863692
8598279
2091381
4945849
197383
4199819
2512171
9773469
6322398
177437
9160323
9144320
4261342
5565851
5313188
9984632
8593278
3112702
1424933
5092511
6540669
9269724
1296367
9501483
8477326
4297812
3093292
7785346
2125964
2508054
5777093
7801078
8540139
6034219
9237577
3420667
405504
1457746
5220070
6452932
3885643
9076844
7758013
6508505
9100928
8700939
2530435
7629394
5158521
1825679
6371086
1799334
5927117
2803704
2987169
5269273
142080
3384668
673474
5584115
5829903
4646054
9266303
7809041
8357834
1370435
375723
9724032
7790197
3400253
4925131
1261698
385476
9058409
7857822
6919011
4550101
8645698
2191150
2844640
2428433
756497
6446009
2954978
3210345
4640455
8052617
1990318
281838
3052548
1061900
5009960
6329039
864727
5842220
7900915
2028135
4822188
6862654
9557487
9317504
7007982
3648689
9365524
6366479
4712529
8573880
4429749
7517140
7251873
6680084
9769073
6691494
7822844
7484724
3648460
6361904
5352832
3816063
1092015
9522263
9213348
3336550
7179859
4572075
6983329
8161575
854200
3824066
1045431
1090285
980559
8221801
1752171
7287574
6819608
7881219
3382142
8120924
1401631
44046
6783134
5433440
7436659
8608201
5139312
2120174
795880
4753500
2770498
3243268
478717
1468324
3917536
4292956
1433046
3714042
3126485
2778536
9917473
8812004
8401287
4836947
1002156
4773933
6690528
2734402
5437769
3963164
9857205
4010556
884475
4850058
3724006
9041448
9000559
1629940
3628875
2712838
1460122
3901093
9165698
9232802
9925955
7945610
6564339
5560320
6904362
7609787
1244193
462112
6957907
3471423
397593
8596082
549349
5873390
4397689
5191527
1642634
9588037
1570990
1367842
2059476
9346548
4087915
8959496
3502662
163081
8775305
1827294
3352319
8795965
2087683
2945390
259149
9885017
9158572
4748460
9816607
9072014
8421361
6467608
4317147
2867857
5367433
7903672
5166803
2959319
2452953
4191294
7529678
2262691
4420366
8842192
2509726
3515931
9217526
5140028
7084374
2934400
2643046
1348905
1927269
4743506
6762981
4264778
2490836
3803332
3197461
1089910
8284299
2757456
1057028
35614
6891314
9905849
8940891
6363951
4328329
498483
4695087
6126047
38729
2442952
2030215
2773333
5788603
1193419
274434
7140279
2957335
2526950
8547499
9339137
6782848
607323
9090134
4197992
9986811
5145528
8615932
8722825
1925115
6105998
6795030
2561560
921203
8776190
3228239
2270514
1001449
8213253
6393313
9593607
2796697
1192646
7750199
1369688
7018814
8869176
776256
1890581
422486
6946912
5920440
2165604
5859859
8741694
8117795
1201452
3814610
5686184
7314441
5722217
8766773
9069751
5992036
2862194
5091948
7665092
7455354
9240366
9380482
5599679
5084675
9140994
712644
1925756
9839227
6506865
9453235
8266023
7455480
9438708
3601027
9753552
3500475
7725603
7318573
3516688
1286256
3154369
4168641
2741397
1337418
5488868
7931804
8063963
777858
500466
4898519
8626711
5656165
7913099
2970365
1864758
6175840
7612851
7993728
3187506
3674974
9642454
4654045
3666619
4281664
4743979
6257749
1077882
4905456
6963966
8317784
4494783
3262224
5487568
3310896
6775704
6295592
1975489
8466617
4013732
6018856
1850950
2460848
1651897
7412644
5529484
7134576
2183238
9147178
2305830
8045772
2551964
5085932
4168034
8388808
4060991
7448006
2955399
9173656
8726348
9248932
6174936
5898705
7934813
7362492
5493094
9551912
8462089
4448906
1028408
3163560
3771745
2118224
9328605
5001386
8902378
9420447
6377318
6119515
8471235
4315727
6927566
579720
7071047
6923685
4247046
6652933
4849857
8682079
7585778
4936940
6174750
6212584
8303581
6209226
8666578
7854692
50463
8604692
5300764
9555426
7696928
5810335
5052878
2307073
3154165
6618323
1041566
6981925
9860607
5444987
5062295
901102
401378
5068735
2565698
8024773
8643818
8408710
8737938
1564253
9637270
2139827
1981135
6326689
2315850
91657
4523965
2373824
1025037
6887591
2880488
360450
3484830
8748586
7122195
1000862
1648418
845865
4640464
7538308
6994840
3035519
6278513
714798
9290700
5191904
544397
1843498
1255450
7425085
4477256
8132327
4638161
855073
9687527
6274806
2444820
681122
4973914
6542883
2057274
9189213
4827833
7838615
8689606
9437310
9886517
8131034
2991351
9420682
8812193
975929
1720278
3138900
4558632
6271975
694708
6524094
1585741
3401199
9000906
1070714
7645223
3037409
9970424
5737032
9440177
9423542
7424952
7802907
3837479
2316390
4384570
2422207
6547249
5130442
69815
2657810
5189874
967511
5569608
6342896
9326953
2674574
9907517
783866
6277743
5269910
7063056
8660214
6906344
2813742
601115
104736
1867555
8112585
7406825
8546770
7353919
9519081
3117299
7541744
2851974
7085419
4604986
7186536
947713
3216060
3780133
2165310
3651888
7784333
6315131
5973797
66038
4449660
9140930
1986229
5273851
4920268
3471046
7082530
6361197
1410685
5784129
3377351
9032055
2619248
2466602
9337641
7372088
9135207
7791177
8580575
8192422
3631878
9175411
369430
4590963
1955585
321999
8310937
9188304
9677358
7414823
2741340
3398615
5720610
1868552
6872927
671882
6762644
1597939
9913423
5350858
3220761
2152124
8444921
4107556
9754555
1169929
1308713
4555838
3307685
8366126
7318660
6183332
8755489
7003578
9007132
6994707
1798936
9613570
2029062
4761377
3737260
8098395
8706749
5422893
3701910
6217469
7386474
2383114
3867760
2441268
668718
2344115
4837141
1379566
779631
1637823
2734298
5091637
8024425
1621674
8230186
1088952
826039
3163746
9446256
9058862
3665784
106244
18495
6217007
710361
1077427
3711302
363186
4696389
7147778
6013033
3643304
8398062
8449600
7754846
1023601
8651573
9219422
9214453
7199006
6448784
5628920
3861922
4301853
5667450
3322129
8457701
7918406
563921
3620257
5113172
8070698
9791622
7961826
3366138
1396748
8295628
5155024
7054
1700572
2027615
3599723
3673396
7535939
8116730
7562839
1187860
3239016
6144794
8166176
9155937
8775473
2791099
7411981
6868317
6831008
7368537
4728702
2842275
7320825
1898377
6011716
2587357
2537121
3707871
3893721
5546240
7177204
2997829
3657950
6957076
2129961
3255752
5771694
4935303
3908366
80936
7688173
91645
1072003
8990357
5658133
7805660
6295330
2060187
3155716
9105077
4878554
938220
5950724
3182454
5270419
9942407
4223355
6755554
4557068
664950
770775
774962
9563203
4674507
4405607
9977282
3602872
1862719
7986817
3482377
428160
6616698
5103633
2246020
6658312
77081
3573339
43791
9007525
9226580
637372
8805522
8368434
4888746
1903730
184170
1164734
3206387
7512098
6533930
718449
4561922
6285374
879257
4636802
5754876
9670468
7790420
817005
4331496
2633606
3303374
6450657
5454526
210911
5724155
5671337
4770828
9499826
483186
8383685
1910209
9410328
1156116
1097252
7178387
2122446
6141859
8532030
751072
3501875
7832688
6604314
8707852
6863182
7147043
1532977
6158072
111975
5952328
1402040
6123201
5695474
9841117
8757325
6533385
264957
4343158
7942975
8748093
676793
1332160
9409567
7665717
4547594
7279143
5481958
7472917
7525714
9774822
8420691
6725801
470146
1974231
6366381
6585327
2216910
3745778
9855113
4712168
1410788
7180015
8247431
2416547
2057780
1677985
1318931
4549790
8675370
8418683
8115595
325284
8649680
5101881
7150675
704628
3223032
7344063
289822
7740545
3311178
171680
9033678
6501807
5534441
2684485
2924918
7875168
890695
2408796
2212164
5857097
2983178
7454496
1387905
9612809
5478133
2403192
4826655
7714503
4956684
7030097
7499193
8215726
2988576
9222990
2534378
2793270
3734852
9243911
7156307
9389651
9755243
8559400
5722744
3515566
171126
3442162
3889446
2759978
5715034
3059281
3297337
7338076
142680
3639703
4495415
4179581
7090145
4981921
8601227
5293628
8732959
2356004
7809610
8397687
5196255
8249884
6430611
7650432
4652738
8861549
6571551
4645914
7605372
3486286
683056
4248369
3430007
5354064
86225
7753013
18384
8263113
9193573
905829
8674069
7411911
7586098
2921809
1822563
5440476
9846756
6402597
2307933
8999401
477011
4298578
9662785
4891480
4551906
5324532
931864
1981661
6083454
8096034
1773837
864800
9569911
4878253
4480289
6758734
2144379
2526632
2222258
6544317
2083826
6227141
5145285
4162473
4826728
9197915
5945233
775297
5232303
6206809
7250781
6196167
141146
2399485
3108853
1815580
8647083
7557176
2060327
7401446
264444
9261172
5211968
5217824
740540
5361816
7995161
6534242
9132385
8229209
505525
5731369
9657038
5425403
5531031
7785868
4562871
1206379
4506094
1436639
9922928
6167010
6494351
2007085
4589700
254547
7404257
5805965
6967465
3273683
3557748
5131621
3566091
1865541
6298170
9670515
562379
8193057
7300556
3795379
5337613
1460425
9981188
1838530
7358874
9592238
752185
9206700
8869281
5483544
630791
3777763
7671465
5859017
933974
2703218
6072309
5347731
6234055
993752
9540625
5669181
46447
5844569
8249195
4735694
8251183
120135
479373
2015273
3544459
5073617
1041145
5595191
442049
3209402
385152
7970639
9173151
6429977
5344763
9643128
7323544
707008
1660424
1904692
9640747
3618548
8898081
9321631
8206139
2082345
1355807
2274982
6104338
5975688
6551054
6607827
3151615
4378252
4326430
1538405
5851456
5183808
4574616
6632931
7959433
7206517
2022986
988599
4386620
3727813
2370140
675531
7804709
6998688
179852
7641949
1643113
1183528
8108058
7456189
1291019
5871507
5300340
2389203
5378459
4180069
3120650
4580998
9593046
7391542
3641521
2178342
520797
7332312
2429602
8681020
2908599
341076
6876214
1470503
6584639
3078247
427332
2984915
2764995
1589001
9970263
8703648
3297993
4243278
4860287
1705930
8350197
1612918
8505896
9861699
4160023
5465437
5401965
6483946
1655236
8706067
5164431
1725776
9579815
4223704
3966136
7705229
831976
400714
5728630
275391
8926984
1147348
8831489
4276926
7362044
85421
9300267
9678412
4229766
8875793
8182525
3825887
7260640
7435276
9513267
7442022
6520843
2507695
4802265
6762767
4151818
8900837
5525661
8567000
9912416
3856606
4770540
7012502
5573187
6519340
3420525
8257221
9238567
9220336
3760016
3734722
4970626
1574741
7392508
8292230
4173010
709972
9059001
9612825
8273429
1161158
6132950
9327965
7662145
1525673
2771660
4551002
5892172
2496811
1788805
6850155
1851131
3503864
4196214
8552070
4098868
290738
973842
7440384
2240304
794012
8625767
1871773
8996722
8398166
9791263
8485720
1349031
7400848
5699980
6756860
7104158
6025642
6823742
7880811
426761
3934114
5388798
5812940
1022188
3850878
5260336
4463973
4172914
200211
6803297
4699628
1966900
3759726
3880119
269443
2713676
8985960
4260329
3834850
6141178
7985017
4458198
7250356
6752201
6958005
6043439
4665710
2319104
3825383
1864269
2591703
7368354
7626166
607037
2995279
5387124
3477692
3077543
6573189
8394753
3347016
5864784
9900826
3370633
1800739
5286772
9311282
6345726
3690302
8691996
9230705
6143233
7896388
3271287
4905122
400652
4892869
711230
415266
7230331
8110040
7163750
3660250
6188162
3885767
5155975
1509499
6852727
2124991
4205609
1873404
4257910
6441064
3877255
7914878
958788
4148731
6903209
4558936
4405630
6605631
1465031
3042369
3053830
9509231
1916936
2745001
4790583
6871607
7702234
8122368
7112363
7675261
2673801
7071673
6364512
3656856
8537525
2487901
5460745
951902
2488357
2565332
6652485
7794312
866735
6942243
8977078
485889
9307705
3588145
6717278
3486268
3641879
1201376
6089069
1782160
9085232
2573315
5725012
9803002
9108831
4514398
7952730
1820139
1509971
4573238
512938
764236
3157044
5765086
9997977
733784
9850816
887732
2035077
5415389
3557798
5256511
8792840
7073450
6305762
4773355
9466388
5273744
3526582
7919383
6530803
8304512
4988259
9091554
1133278
5980385
2253009
8608648
490334
1875605
6709304
3319302
4259799
5641938
6690763
7515971
5244186
7215397
3705892
6373402
5711402
4638310
7395568
594365
8491850
6271909
5361899
8539464
1494737
2188051
6689909
6371079
8376542
5396608
5210111
8730816
8855720
2766471
4381831
7381882
5722111
6306742
6893636
7255793
8178858
478458
9464868
3370972
1280530
4593252
7773990
8496407
405075
4490799
6860300
4394604
3073226
6721569
156510
1938637
3733775
3928766
9515748
3934767
6928633
3983764
3027557
5809689
183732
2492906
978673
7215066
5204056
2804592
9331653
8945713
2457921
4666619
7863971
4456680
2090701
3995166
276791
7053526
2807726
6572308
6458302
7181023
2965449
5996785
4146043
8341980
2356569
540958
9190814
8550793
8231335
9145597
354123
8184541
9109234
4702887
3598738
9047248
7604547
8111538
5750366
8203074
8627395
7070576
7952497
1207458
1138588
5424988
7806177
5313860
2658281
4787732
2249167
8995426
7261116
4543662
257738
9971085
3978489
247562
9251323
3446970
7503738
3186160
606276
2672689
8542820
1100078
4173633
3726950
7218370
1674035
8826675
5935185
1325339
1783574
4339828
9322337
5205583
5389987
5177626
2681211
9664654
3458072
5300603
1556518
942615
6705417
324786
6630771
8998937
8987899
8027929
8220713
3816431
4949375
4281770
31193
4742252
6626775
1123337
2130170
3047464
9675382
5176873
5080894
1414289
7782492
2084168
9850025
7853290
9067289
244215
4047562
1490997
3562102
414656
1288102
937501
148629
703444
4929185
1439091
5429589
529439
5037269
5578229
1576036
9392054
2943959
7667434
8588532
4309009
1912527
5359888
9261513
4560244
4677761
7962797
6484330
8529944
5756620
4133058
9419638
9405788
9855124
7285318
3482232
7579323
4190617
6624135
3774834
2361111
6664136
9216699
8513268
3586278
8777161
3430661
4906938
7011645
351155
7993820
7326289
6689800
5655558
4019421
6699536
9644126
2704803
8203308
6767789
4531699
3651149
6561680
3411131
4784782
2077449
6910029
3323494
4033647
9616779
542040
1059032
6906022
64127
1852622
1880195
6093838
245966
2873069
2914762
4645940
1305554
3263001
8564737
8467254
9750069
1257253
8637267
2135495
8893822
5186061
9546214
597718
2772610
2884474
4658963
4215566
6110331
6820422
230354
154320
2707966
8619215
7001190
255513
9205580
6485357
2333989
9000167
2115623
3473462
9995901
1437947
5026014
7271929
9493307
2072623
8699988
8986679
4162435
1927480
1347590
6321397
6355002
5388073
9603750
8641971
9441758
5758189
3934733
6161202
5193695
6621416
264215
8645659
8186224
6231835
259934
2342023
4700496
6187968
8094466
5940524
9062438
5511235
5584542
6754309
9386692
2652789
4461337
9292787
1647351
3692672
5805696
1520382
1889892
2505822
2541940
6446305
7471716
69122
9431421
9190497
6637469
8020853
3521745
3014558
796448
8297974
6643818
6796930
937686
6528748
833674
2740887
5702001
3091767
2084131
1259805
4346471
1146931
7211254
2308429
3731311
9042626
1179055
6955389
7692744
8079050
5102044
3087250
2390086
2350855
1151172
821968
4903410
9734976
5895352
3676031
6467643
4911690
8891328
9726958
1738850
2498861
3059474
839881
6853573
6728605
9861640
8889455
6817187
9648133
4700857
4690266
9303618
7053013
1597011
9771162
8883512
1269564
2083382
2077123
1100938
3949370
9488382
5735806
1288837
6643802
2734238
1324152
5674356
9614996
2254675
2197201
7487974
3435844
9919130
3554169
7793371
5135972
7688506
4255558
3545648
2939694
6715819
615224
6342442
2706845
2752830
6316394
7586367
6282212
795168
9704841
1475072
6579952
9802197
3492236
9577484
2541037
1152629
9912124
2238350
3043940
7052841
4970957
3469475
4200121
8964043
438281
7828589
2842306
4718136
8408083
4913916
3311830
2999511
8352643
8113233
3127924
6390599
8057028
337834
4666041
1143067
2774527
3660349
618719
9357089
6430182
5133982
2130931
6894934
4820665
1254060
5013507
8602647
2978888
3775670
6530704
5429075
3257653
7310927
3526929
8843192
3591535
1695096
1564825
517913
2573917
4496328
3941828
8585349
8083053
4908293
4572322
9620544
4776794
5747147
3252205
6471701
3124779
3211831
3371148
97490
9265154
5351579
8264981
2978183
6770713
6393892
3352292
72311
6638175
1417817
7151622
4793862
4582907
9304305
1957240
2580993
8245937
616532
2348568
1301437
6140632
7938989
8948441
2179510
812335
8503181
7084810
4588904
3216333
2404947
419776
4650870
6290890
6979236
8089921
6412147
4317356
3398235
3607777
8204175
962456
5519971
3379359
4540664
6427326
8433003
6869246
9255415
4336113
8337816
9085877
3231801
6585583
8511937
3511255
760339
5871158
6351274
5779701
9424957
4097355
4213192
367878
2138083
1986396
611742
9595405
7909174
9909413
7396266
7163941
2398866
9454894
3034259
8427542
5344346
2435467
6993553
1270614
8290934
9685370
3275436
5960352
4612123
4056761
3982141
5029126
5765371
8226679
2106147
3503218
1199580
9337730
4280234
2086818
5559025
4320602
5527748
4262103
6316774
2665220
4979370
3822920
9644286
3394693
1203955
601713
533982
8602860
2244162
7617711
5582077
3432399
3522311
8579807
5062070
7012050
9231246
6320021
9986852
1489425
79648
7255615
397930
5304760
214249
392387
3607940
465354
2264976
2633120
4899479
6109061
1208770
4336995
7197056
6400509
513375
2532698
1955363
991071
1379977
7360536
9053555
5199911
3077875
1005511
1366282
6653417
6319921
8944386
6011947
6217325
6544444
4336105
933745
4876797
1085317
9138514
5317860
6422100
7349910
3417354
264240
2358715
2643234
8007044
5069187
3243312
1042246
547703
9863394
6439892
4142091
6348229
5552760
7819063
6605495
7666420
9675075
1574602
1320906
1624384
4896412
1090841
844291
4555850
9794389
419962
2832909
2116259
5123880
9311934
2195367
5842456
7198056
1481793
9973686
5249347
1106171
6098999
2953671
1039778
1922803
4246800
4856024
5621718
6984100
3107294
5393417
5139850
120218
6145393
1521800
1780124
8072398
9056441
234241
3426732
7736065
6986165
6474393
8096719
7644296
4768787
5674988
1288251
5920801
408761
5459656
6665398
4911990
8104132
9203582
1639799
7267635
6423930
5046619
4986227
5018248
103360
2924795
4081928
8651063
765641
7788903
2941970
6565710
3667844
9439631
4794773
3044411
6947458
4625003
1960365
1162983
1085882
9977712
5624941
9194219
6982231
2193516
379531
6331077
5516086
246987
5742743
8934379
6640207
7838972
1662056
9497190
4950594
2403065
2683828
3132944
9002354
5927853
9911351
2627964
8741336
2579741
2011813
5396294
7852602
9627772
2490591
1715395
2588379
2992686
7668908
137381
1952735
7810004
2426075
9855222
3864510
6423049
7388668
4286983
4684317
3036391
7498738
9844686
3421336
7647724
3746589
7478956
3550650
6670717
4774044
6900433
1273706
1381649
2252100
825179
2071865
9566295
8258151
3610214
6930168
4711707
4073530
9239891
8828001
8377178
5161368
4234143
6071362
8872184
4363882
9906884
8381494
6768607
5367915
8751980
7541137
4370257
1945506
1205997
6675498
179842
8141668
9756524
9329213
1302765
4092213
2832384
1305719
3834465
5502877
3723533
2993432
8263174
5086925
6853875
4868136
3885626
8002707
1228563
6763327
8335887
8977547
8311743
5796144
1033846
99477
6876707
7620363
5407190
603632
3918211
4258865
523570
3352599
599779
7796937
2478605
6275863
7429085
4014955
3283931
8681606
2253549
5601445
5509840
6212273
8499966
6630498
539161
6204898
5414038
3831064
5483001
2185795
686348
1364867
1329191
4532552
8342484
7219187
3800982
5978763
4760360
3347175
8497249
5952239
4344432
1395473
9378200
3466012
4100221
629987
2056295
9967093
4867102
4205785
5239104
2429858
972273
1468257
2750510
4371458
3377624
9291612
386041
1361671
4344701
6855706
4520141
9323935
7783612
4168869
6444210
1206197
1768791
8729169
3497771
5375710
9446698
7715797
5110630
1268519
9771943
4171619
4854447
2878092
760056
8341824
4344069
5467787
8212775
5671517
2689779
460232
4435191
251015
3119949
1471120
5395461
6782171
4424040
8710181
8329167
7234349
2264891
5006518
8152346
738944
2776220
7482563
3842136
1745637
9140953
2989958
8553210
5534114
5608250
9168845
2415525
179256
753621
744857
4145689
4341352
2514573
663870
3050124
5458249
672766
7598207
5154053
143808
4232318
9826487
2185199
6168061
6862016
2557872
4058472
7971591
5302752
1237279
231456
6269832
9915497
1817074
3806680
9575107
9249768
8394392
5375472
7491439
888278
2979204
7441341
8470760
2725076
8046211
9481551
8805966
650274
4035340
1376919
2697589
5602804
7668593
5745195
2959543
1693139
2697865
7041152
9152093
3951983
479894
194405
1442931
6811927
8071267
987977
8093106
7716780
3080802
4156343
568920
5457474
2789997
9046955
8705609
8733314
1720282
424489
9564459
7538566
5396387
9146245
2097050
8069252
686186
1611069
1723476
7595702
9825442
6629598
9085519
497774
1607690
9040214
2143563
634294
3229865
3790898
2977029
6594336
2862162
3918505
5906381
6507411
3825227
1824723
1019433
2411286
3256637
2591905
4861330
803941
7314337
8651294
7849831
3307098
8575504
877602
2180903
5406852
1831368
523290
2769928
3624591
1275892
8925305
1224015
501578
229983
3891787
9244928
1863777
2215652
7870771
824785
4410495
4436729
1942229
5096083
9777048
4412711
4402766
6829045
4618839
1729172
1345412
1795988
9350811
7010050
2597992
8284370
9264628
5959996
7057984
4246234
519769
9762381
5882850
1056337
7001152
4707049
727393
113058
6452476
5678990
6424240
901871
3945496
1696447
2830582
5226101
3015496
9373899
6381051
1926755
6852799
186783
191711
3381302
1391209
4108517
105740
7884864
6771230
6656230
7177835
6474421
6378249
1906511
8306700
3255433
7437707
4743066
4991394
4321965
9821227
7916445
9962271
4549918
3534440
7129148
5748556
1068626
4384144
2420046
5479278
409263
9230755
5716878
7249964
9212823
7905846
535148
8253764
3833772
9231984
696072
6144255
3203548
2845624
8753650
9564312
5078298
5829904
6041994
8556423
1144552
8204176
2490700
5512691
3857314
7916825
5512933
63569
5221354
6167525
3475412
9263553
922550
6547445
5614194
2129291
9143396
5048212
3392646
7574425
7102357
412718
5374883
639302
2766179
733956
2525103
6815961
3520116
9717414
9339032
3093018
3073886
1280427
7300981
9067493
2075706
7220289
6159369
4537150
2577039
2869416
9284173
5846327
6797494
9798170
4067774
7176387
2189543
2748982
4705024
8733753
4968804
8853805
5912907
507377
74768
3137823
7617875
2553613
2737496
2616572
2186116
284330
2231772
2643169
3737943
2506358
1397439
1151643
5220490
1989664
2581852
5344418
237505
6448692
1935363
9331335
3056088
4148944
8105821
7794710
6636692
3719718
34794
9464454
5717196
6117629
816271
1087975
2038396
5128939
4304906
3803253
2394054
9881324
7579535
1850574
306852
2338521
8258232
7751458
473619
8822464
6166944
2745011
8906829
2219150
5856565
831972
6953544
7476080
7141562
8956390
5061806
3177451
4901468
5473779
1858070
4254436
8661137
8254197
1644521
3050692
2206510
2693636
4892365
8116623
8991993
4384262
5845130
6315241
9231788
8698567
6023406
9324806
3796245
7561469
7998415
7022625
8976530
7193669
3807728
3095606
6372190
1229081
7169879
3921448
6957291
3444514
2987962
9090185
8038555
9805433
1972417
9771912
7982466
3061840
4347847
4016087
7147996
1658930
3965661
2411280
1424201
5569379
2803047
6469091
6669780
2442007
1512422
4655253
9398929
1625915
8238840
1036706
1595617
5659866
7307185
9207653
6516240
4753870
3325377
7658525
7089997
4308508
8005406
3962907
8195822
9477267
6305161
337799
9006152
7711473
7214690
9683521
3926174
7879903
2276150
8121095
3317573
2724008
9795823
6815248
9336345
37527
1053128
583334
4508317
7847874
6648528
3497491
119723
4673551
5029675
6517104
9753290
4673273
1288337
6080889
4896039
6516477
5253643
2213681
8439988
9367057
73898
8690018
2031770
3435765
3950991
9272820
2209589
1447898
132196
6528117
3100470
2155204
2385794
279218
5831829
6081953
8893402
7077168
4386935
8589534
7316221
404203
808689
436181
5339730
250062
7702251
9819433
8829558
2080887
1780031
918320
9050577
2861544
9508762
933289
1860040
4974899
115367
7999187
5991318
5271489
6920192
3953654
1133205
5025327
3518264
6343386
9807306
7834481
8775349
952006
3963280
7758921
4455820
8310576
6252742
2713350
7820206
610404
5296665
6637508
7151219
3434273
2100552
4478368
884987
9054285
384259
2097037
5903683
9693294
5439912
1843341
6642656
2702141
4286808
5437920
7973757
3104797
9189128
1714961
4283412
720302
1483971
4325784
2320288
2553576
5784726
4692851
1715701
7904670
1608011
1799889
404895
6907527
8589152
7622365
226524
5481893
391445
7375889
6157289
1991333
1265159
7621260
1318165
1239338
1491730
8651708
1122588
7595637
6348127
1389256
555277
8336370
9831903
9625716
5629338
1663208
7637487
2830743
8287535
6949270
5528789
9545359
1996794
3606296
671387
8551876
2715710
4632437
609191
3470232
7238547
8736937
1770836
4477306
8430185
9395191
2767194
169102
2680430
4854296
2976092
1313749
6326390
9805696
6565120
1352541
1780432
2457965
4310294
9239027
8116368
9813875
7913500
2575887
6582480
1482696
2145607
85689
8699443
6827698
9363595
9822743
4941978
8567892
9222584
9825513
3380845
4950376
2741159
7891407
9924695
1906984
9502336
9119695
9514361
5369673
8283388
2720738
5242306
2829665
761205
5866104
8270488
9310583
5708487
6164402
6309239
1256561
7240417
2674754
2427892
9996586
5658321
572828
9828909
7927892
616968
6065263
1229069
3328275
8645576
3425593
2138553
5574935
6549266
8928189
436234
6554517
2189318
8524912
9432102
2693531
940536
4213785
5821821
6245077
7316204
8956792
2275044
6395492
2108607
7389143
3649996
8060659
6857798
334827
7808061
2284802
3431309
6689694
9393818
6639296
6762925
9904344
1856045
1850824
751967
6890928
2880216
3320423
590403
7710222
28739
4800597
9558405
9506059
240591
986645
5978605
771017
6687197
4253535
1936846
2664928
8852835
4426751
8286574
294223
2417319
1132955
2722925
3200482
5986549
8886516
3270148
6046612
4786798
8370310
636795
3450416
4267234
8061235
2121762
4802614
9234741
9663584
4496243
5194038
8956332
4724427
5397638
9187661
7661333
9800001
6097779
2841812
4313457
4827722
4992779
7150920
5744612
7241483
2161844
5825886
6217193
682303
2515621
3962648
6324204
857863
9362839
4883425
7230778
6380938
5031226
6425091
7901692
3336076
1683817
4736748
7187606
1587476
6453
7069047
9891096
7112227
9438674
8005213
761301
7218785
6807730
5512259
1261742
7988296
2462878
5728268
5835164
3749978
9580922
8468334
2535889
2994029
3156112
2358747
6677545
7042322
9633962
9035574
9554022
7383641
3112589
4685662
8090481
7193341
4131117
5004462
2806330
4877690
1894638
4753147
1212451
6017110
8197969
881032
6283713
3145112
4148249
4207633
160362
2997948
7892163
7047334
7267445
1975191
4553487
7858609
2386951
9318636
6901097
2791461
5575654
4616944
1698557
5564717
3954294
4841441
4184648
5370342
4719964
3047694
7670540
7696088
8979307
6833551
371766
9920018
8521387
2223791
4753098
955323
9070576
4572234
4624633
1906320
8737185
9714185
139770
7117022
5587298
3075222
7239832
8120455
8683417
9207194
5834487
7736390
7319560
2278043
4645006
9472599
5519393
1535555
3834014
4307689
5825972
7119177
4230007
4560575
7159006
570343
7183258
5017027
3971734
6543883
9239312
6492650
5082116
8831616
1032192
1270456
3641098
943354
9954117
1428984
7466745
3075995
3327934
5126315
7973619
9797940
609910
9373973
5867905
6746809
5761856
1639326
7742545
8628252
2649183
6522766
1382327
7709911
2597471
3009111
4178122
5427058
1677540
7117102
6805170
9203765
9619332
3059781
5776027
460190
869501
6581625
7866691
9253506
6920196
3547730
1512711
7410069
2673797
2934071
1570669
7221996
1903906
8196567
8123556
6735198
272037
108456
9916168
9407105
4106892
4326506
5422726
1952874
1775286
9164660
2691506
5999146
9544396
3981545
2317181
1820018
9026719
7739251
3186931
2356186
4115286
2753801
2380649
6994564
7715397
4576061
5463692
133591
9528782
4274831
1252103
6015412
7275089
1809789
7608003
9736093
9980330
9066648
1958478
9326124
748269
912961
5621621
6563112
8825952
9185825
1473319
9932534
2722783
5859716
1379395
3631831
5467758
5772986
6308693
2906481
6060514
413893
9497329
3549928
391157
6957863
9445901
6837773
4655380
8478370
4025426
8135565
4146193
6044068
7929937
8561351
801044
5059936
7358226
3946257
3224740
5230341
3159067
3219780
519704
6754188
4456983
3848698
9120405
6466340
1844193
7209249
4312924
1267167
3083554
8503471
5746353
6387361
1184912
1745501
7685923
4217051
8188411
8919995
8201778
372292
5757887
8848582
2351099
9646303
3902691
4243725
8431173
8690867
4961277
1480112
8348841
4272538
8392275
5473251
5479396
6321824
7996144
4056043
4802005
1180746
4764083
9428086
1054845
7796505
1643389
6738863
4671593
4697073
7051043
894205
5653823
1872392
7597112
5377242
6304
2342818
1199716
776699
3386326
4765701
534384
1435584
1695071
9919167
2104404
9320261
4858041
9300610
2739332
4700816
6593047
1648768
6652282
7649025
5395591
1569012
6623315
6496547
9801228
2778153
7107138
7805559
5600849
1420781
8666667
6945896
6138146
2804434
8525543
1668287
2759406
849373
2499127
6363226
1704486
164497
7479003
6104406
5311537
4957048
9588083
5044664
354541
7523139
7176663
2018385
1074803
9179308
148885
2527755
3118190
7697261
7405825
401593
9979954
692941
508965
9148222
9484883
4025140
5138569
4134939
2587525
2268120
8135710
7850534
8921659
939508
4021723
7273832
5686391
7885338
4292475
4113896
9270580
5484324
3383095
5777416
2168894
4309185
2055713
3128977
1548653
6746626
9152411
3749213
4715115
2541522
7574400
8195592
299995
388166
6550641
1260130
3121506
8651089
3566385
4692626
6874810
437956
1449258
3763708
9238371
6732414
4833690
914558
5787707
5662543
5741011
5534248
7720971
6074458
773699
6215143
876060
6087333
3580792
5021768
3970046
2110360
8066165
4202904
3484021
7444491
8560937
5624994
5630725
2297690
2919802
3809117
1327545
1086754
3487503
8796215
3919204
3434082
8949057
7848006
3855897
8155467
5296593
9479274
1083030
8157483
8093359
687955
7749334
3027649
232565
8844724
4986468
5149001
5121458
4245218
5763827
791540
1015338
4453481
9537477
3233107
7017443
5389999
3388782
4314210
5825195
6286960
3609337
7123278
5740913
4182919
298783
4572743
7849313
9422358
3414888
648406
5003642
2541576
9017927
5825336
3201787
3014874
1552879
7152414
3098448
8725904
1389157
3975790
3840018
7844423
1918179
5606899
9901296
9416032
859744
8822680
7419751
3748844
6625136
4170157
9032499
8800802
4866102
4290686
3901722
9792190
7761273
879710
5419121
9954081
7906502
5863356
2601010
4349835
6634097
1574871
3098770
6024969
9065002
4378071
8135455
2865800
6192432
8372148
9087193
5055851
9511753
6035633
8999400
9881528
6344864
5571399
5046324
7428514
4341886
7666252
9725311
433473
1782409
414012
9986660
5355770
4785920
2672368
7544933
5567594
7379644
728984
5887814
8773852
9479164
6325622
2303054
5814423
3780508
9168822
6530792
3373580
4642306
857463
834715
3958716
1629925
4194952
5006212
8768791
5016545
2949727
9644477
803795
354804
4570229
6012343
6704463
2163828
1406868
6203457
7752132
353864
8164446
9390660
4096986
648693
731616
9915437
2962018
3397855
5830121
546416
8397294
8183901
1890330
9754851
8534832
8124143
4601043
7942781
4195527
3495108
3336949
1414971
973946
5615501
6669078
6367380
9184498
6241775
8363818
4785134
2246067
908591
8238313
6923834
6340381
4371631
1906253
9396477
5208381
5123115
7838927
3559070
4869608
8668445
4980800
9930725
7706521
2554288
3892003
3216507
2622632
1496123
6762812
2080025
267914
3788831
6459148
6850954
3794550
282948
8431186
7393188
7583401
6210846
3997016
6712084
6522534
471983
603756
8025668
8684208
9073298
2173258
635150
472385
4779833
3762252
6970177
9501322
6303872
1076619
8780246
5258281
7340312
6944151
4944324
5600594
4387989
2660500
4515358
6740439
259792
6008176
8763929
8098270
4153500
8438807
3452027
1222727
6300408
5378744
4826966
1239004
3746995
1119292
3409725
4804813
6888801
1471933
4787937
4895382
1887920
9486154
6576631
4311370
7843164
4844771
7808152
3146947
7784334
9741232
6792358
360647
8305126
8160013
8508144
533818
1335680
9466642
4793071
4755386
5405872
3124201
9589138
4725117
6099195
1609530
1446810
1535514
7976525
7910338
949828
1268249
5417552
7289138
7529867
2549456
399577
4614694
4374621
6113444
9256761
5438440
7413830
7146728
8781152
2760645
9346516
5918169
927950
3283666
3938517
8629874
88373
4623172
8132925
850059
7785966
6120957
3240445
2212501
8853078
756594
8496653
595912
9956574
6104926
3987451
466635
3677563
3622556
8771136
9083237
2590592
2757004
8271870
7427988
322161
5387293
689257
1909768
7890727
7137850
8437164
3901881
3945057
7726218
2702044
6861471
8723537
6130130
300806
7297001
7359743
5140669
1518602
2660914
172452
3569550
8351177
9109246
6180245
4882264
1842615
8744992
1038183
710920
5403693
4878046
6336637
8014555
4160657
9993792
2937737
5650220
8645535
4659514
6420310
4130585
9965910
3655442
3311007
4686350
2744291
3525756
771592
7271035
3953409
601303
6909656
7980208
6292860
1688801
2793346
6235237
5914858
2802729
6049189
8574117
1472236
8317126
381093
9321604
2329716
7644306
2748515
9636098
6234703
4771199
178901
3234254
9811647
8569636
9040298
746772
7659578
7400498
5250947
9527504
8144827
148721
984485
4916839
9978355
1351323
4345773
762913
8829844
2693050
8263217
9198860
9977342
3544527
186823
1702968
7661879
3617120
2202047
1887993
288639
5962354
1767279
149965
8406604
3278965
2803761
5591313
9187485
7073990
5176561
4443831
173262
86007
8617669
3955531
931595
1987917
7545959
2120350
3988013
6006764
2984439
2014832
2120451
3859438
3525749
7678659
4062248
3952542
4217463
3646002
7943821
994676
9096309
6403260
4147217
3168780
5231242
4788624
5519098
7917523
6238846
138267
7109797
1199246
1517590
367313
9899238
9598867
3370329
351598
7087262
2294007
6421053
6570092
3220752
9030444
6852008
9011521
6857152
3693805
4675719
2256642
7997658
6266958
3311754
3800667
627537
9864662
7824063
4438722
1224181
5298068
4219250
7664147
853675
2585161
4016826
6082390
7390161
1691511
2211997
4316367
3369628
560828
2215659
5783550
3827032
7300894
2747609
6157595
2311677
4455788
304060
3118300
2777467
7506183
5027463
9190800
5203124
6143109
6213905
8498860
137024
2234903
363331
8618660
8935315
4912443
6380815
5429895
2782837
9929732
6894326
6645874
555576
3146289
2288235
1521880
2987215
1623658
9018370
9136301
5016216
6044431
2213862
2485694
379935
8832974
222451
2247328
6822442
5943063
2067184
7993722
9971894
7107257
7336025
8557386
2518951
5636442
8774190
7802952
6657176
1283738
6035319
1593459
3371483
2254945
1650322
5742817
2456329
138604
9137690
4374712
1188902
3461307
6747891
3286054
5259303
6041835
890770
9121052
4024922
2089109
117652
6151833
7470924
9990255
8514236
911308
3839323
421172
1291558
2089404
7149026
1588151
7234502
5035118
5786139
3678559
3047618
5902964
6934808
4184702
7686322
4773462
5837458
6276873
9794799
2244540
9884373
2634056
5357794
9246417
943409
6784552
5908670
1280021
6651741
2144416
3517849
2082627
913033
3476455
1048914
625023
3401589
8639095
9203993
6528887
701298
305919
7518071
1789793
698420
9549715
621519
6804785
7621761
607236
2796526
2158395
9571559
8682938
6218932
8020814
5395186
1252417
7465192
4948109
2769707
8374762
3518770
8993012
3210908
9026758
1981505
5286670
4442235
2773973
3559195
5463965
9721827
1784680
9585611
5903048
7398227
7777730
5954219
1057541
6633050
8828975
6699712
9299616
9999780
9051284
2367047
5522019
87508
3616767
6795322
1970872
7491069
3507933
2932140
1692609
572449
1672078
9477083
3337006
6153559
8461878
4640435
9507097
7423351
8307667
8420793
6907531
6366295
698623
9431505
380646
2005638
9737078
6304815
3231150
2161543
3007013
9628609
4021335
8348885
2679648
2116762
7103613
2368109
1722539
4673616
4539281
1403009
2690572
3416206
7802716
2139862
5348930
262016
9986542
8803240
209677
8058459
4306052
9113674
656549
5462243
9898169
4981524
233714
1830462
8253752
7982137
1216392
3533582
3992706
8323797
2645810
1387799
3918994
9370742
3336281
547810
2613203
3937918
5328593
2492806
2497056
9361410
8172024
4687665
2708883
3925434
189837
7103610
3657354
307710
9053466
9388468
5310786
9931057
8653822
1734102
9117903
6114963
3824610
9877732
589319
6042709
2744274
395351
6227861
6350517
2442331
6935753
5142030
6233641
3467796
3502236
1286579
1950638
5946139
1054890
6989153
1509396
1092821
2623432
3269720
1515642
416373
8501765
2936181
7589417
8610177
1860761
275777
2415121
574573
5796855
8514058
2930686
4708422
3873836
4923417
5182030
3582627
9953205
4490779
4366606
8130064
8771284
7219455
3511747
9822902
8008882
9068569
6561393
1055822
3626191
167118
9469422
728253
941378
9615266
4186270
9896511
8928315
3773311
6883286
9815437
9297380
2496082
7229104
7727985
2294875
7980415
636383
7803925
4497573
6942913
9557393
324226
6094543
1359506
4159553
2939214
7408313
6991074
1149607
9254338
6701403
5448879
5301130
6782345
9907783
8017123
3731369
2867274
2889021
9442595
6811901
284215
6130312
6628206
5570063
3017215
7365401
9618128
7146258
870191
1184766
9516638
8472946
1670627
3647084
6333739
6139138
6168564
9084504
5966206
6619690
3374691
6030555
2167656
7668137
3844834
1532143
7641548
9032022
2580904
4342034
3571790
7839182
383719
1132232
7107835
4122632
2080225
2100390
7795136
8197244
2081248
4801663
8863305
2029926
9615611
4082730
8992994
1562708
2868863
2293725
3918976
374064
2174559
1733626
4562901
3277306
5606570
1790894
5983986
5317254
6642488
3690175
5913244
9332305
271591
9542324
1844729
9573574
773587
7071479
2249674
9832750
2044244
6934165
5619437
33492
3103306
2900919
1481699
9290555
6696123
6867960
8142739
6263913
9288104
5860827
8710561
7635302
8438483
9031842
905220
6044663
3584760
658159
386245
2893656
7458389
9827390
1800907
254484
5963002
9662238
2452913
6951843
1427621
7516163
940356
5439453
2665845
2035938
9652540
4563397
5298409
505412
8260112
4985307
1954807
9287770
9821348
4169176
4743819
6789020
5268286
4883081
6831989
3209639
3823149
3304178
1082426
8779301
571953
1338191
3585827
8212207
163155
8013981
4718301
4280732
9499403
9381935
5303703
7544918
1151764
2601498
249688
5465299
5051989
2972199
5317476
3482925
228937
2313459
4406407
6635001
8928281
2706550
8432682
826528
9151698
8389850
5779677
7223952
4004404
1397437
2281243
5456933
380028
3147385
8966543
8120800
1766641
3982367
7028725
8299812
9323995
5714385
9905031
4309537
2365277
9631390
2161137
7060672
6932247
7721425
9668801
552490
4460757
8844750
3625988
2546273
3881553
3683803
355612
2594713
9525175
6660440
5333479
303264
5746175
8909169
1382830
2182874
4187236
3897404
6795125
19532
5229908
9161216
6334424
6967412
1861553
3918637
3374689
10652
3894899
673159
510440
4342959
480072
6718042
8555720
2180249
2929334
3074105
4488015
6140756
4916891
3121711
3417369
5034860
8081386
7119871
5300399
8584356
9977241
840095
3256900
8514859
4953186
1564470
886046
5828390
9838721
5340756
7800148
446553
46615
1421082
4603202
8007958
5393266
644523
3285352
962382
9311370
525002
5095272
6316682
8323805
1868357
1890596
8671076
6497122
1879597
7533804
3312447
3663424
4917611
8256640
7598414
5441717
3676539
4145013
9592291
7605848
5615928
8588840
6957904
1819192
6537657
9257772
931156
7182300
4473423
4033105
5594887
6291926
4272524
3180531
1005241
304184
5832717
7245456
7460481
368710
1836648
4269007
1298549
3961214
2997804
205361
4196518
3841048
6030770
4873407
4179022
4738922
9199739
4096705
492476
456139
379870
5913844
7102894
9907636
3551955
7132512
5050845
3073317
5140661
9233422
9184604
4554521
9981591
8721555
7001767
2178580
3067237
9321186
5191799
176072
7019248
3941598
162844
3559568
259560
6235811
5468027
1450932
172142
5237614
4199552
6941304
7615035
5176072
9221348
2278598
100039
3079166
3725141
2973900
2088009
8737059
8906947
563746
7544857
6040460
5332466
4137093
9902246
7872583
4807122
9538090
9150475
9117629
4392919
9809689
3371964
7847500
5516885
9842508
3926823
4762091
3355214
5942768
6052088
7448891
4369850
2469810
2658253
2397610
1256088
3514238
614918
716627
5670479
335801
301030
3543633
3885048
7416605
5387655
7219171
2721433
1727397
7270627
3981023
453041
5180138
9103239
6473387
7379006
7684139
5242972
6014314
7440020
7730106
8645268
1183796
1779325
4279458
7624749
9734473
9696104
5126299
2521829
7358423
2635153
8327816
4879265
3434377
5362355
7303784
9466428
8467304
6832215
8002769
627347
2830265
9440486
6970964
5077097
2530275
277715
2128103
3170813
5640688
913071
7611618
3344083
3854447
6014006
9860323
3564295
2570155
8615913
6265596
9503604
8083382
3109790
7494908
4885529
7866127
7371516
2628206
2934401
2137690
1989579
2519935
9375722
7235710
3441334
6203394
5986160
4259711
2124849
5607587
1455024
4873841
4933131
995559
8578398
9475065
7517997
9180379
6706395
8788230
3020957
2134919
1524386
1985622
2049108
7056263
5009262
2277279
5313958
187036
1526624
8184107
3186528
2670055
890532
3777010
5013130
7826612
1254087
7364676
5616366
1399407
9906987
329249
4761575
3657932
3752482
783223
402390
5984170
7901534
9212869
8022729
3401637
9881453
736621
9746719
5772751
3560522
7066335
8819081
2860794
5963469
2012255
71585
7993383
6254366
9671138
4533337
1453577
5591597
6538704
2333121
3447981
8608251
7350346
2943385
4121830
3586378
1296333
6247679
7450739
5253833
9863545
8210266
5067852
2045088
1023762
6667199
3597198
136165
8276600
8761041
1872719
4386226
6994974
1025338
5415030
2812577
9754401
3201109
2497828
8750129
5831640
6819974
5677857
871649
5338233
6471717
4289867
5527085
4424522
2422697
9273067
489201
2771692
3889679
6282960
264949
4906556
87382
5691268
2422480
1775926
87883
1997406
1111923
9853237
3244864
6820921
6754267
4251641
2739284
8025663
3587144
8691134
8916628
4495123
8164202
2525756
5408302
5010005
7622219
654574
9213085
7739894
6437947
5518072
499039
1477775
666436
175651
1591338
4840675
9648550
5932406
6985088
9575671
3058854
1415907
6222023
5194741
502373
7778183
4525475
147238
2244017
4727115
9788103
5399744
3832890
7591199
8624470
7474257
8254726
6088722
9627567
858619
4925649
1869738
5960210
6273707
5509226
3701735
869294
9875465
6667158
9721556
4372594
9208202
5653837
1849808
7825004
5843383
4493406
1955323
1990250
8319211
3461044
7032117
9224904
2510757
1924348
6565980
3529896
8769611
5274508
2963162
146478
4776434
3119963
2919045
4155808
7031275
4170902
6264414
7846269
1189000
4958540
9213205
3620463
6469616
1503813
2785289
7195636
1564462
9690904
91792
7347940
8058210
9748172
4192231
4916074
9245859
1941246
6331808
148792
767373
89862
9878802
6322108
9488605
5023562
2391322
6282326
9399889
2633305
817640
8047473
7826032
2855528
6841010
6822241
8938815
6564804
977011
8322457
3099952
9473039
1807765
1260684
3696301
3625811
3204362
1416551
6196658
825242
7565440
6721889
6820171
4313483
9362870
7630608
7889066
4931415
3518498
5524330
271030
8308183
8855743
2865583
6685647
3191581
2192869
4405396
3487914
2232962
2957520
1598839
8909447
2600443
5942184
3966186
3585995
3654053
5759927
1013713
5280209
6922159
2381511
8825268
6544877
9323397
4888254
1444736
7300616
1760673
1794661
8183770
3250335
9110036
6592125
9385703
9694354
7881134
9693747
9271059
3608026
4041330
9460032
2748768
8088141
3178839
5297004
9243788
7601761
331000
6661571
9950301
2944896
2102408
5869520
2512526
7349909
743212
4673344
9010510
9346862
4894271
2162144
5684992
8079103
9599129
6376145
5465139
2235210
3546514
9761001
4705745
6176940
3469188
1408084
4993576
4980707
8125861
7520886
9236527
894463
4990055
8238444
4181524
3749335
2483743
6705074
209784
4181388
9086798
7178314
7682752
1800274
647023
7841083
696171
1643508
8753642
7239824
7514839
9728139
1223399
2604797
1481715
3994803
8708902
427911
5040289
5521104
2067879
2088928
5638357
2445468
3636104
6027410
8445273
4118137
5606877
187521
3021203
3905351
2053781
4666976
8584293
3789522
8106330
922997
9917511
6266649
8140859
8438293
7467789
4499843
5324846
1341234
1615672
6537252
9949606
7372291
7064446
5052894
9936929
5426405
7748771
3568110
6034410
9168374
7266673
3808379
3513356
5343431
5480603
7812783
1253541
1490907
9809260
5257355
1500828
4727999
6385906
7893369
5638876
6097594
4717536
2531542
1181663
6943619
6163117
250901
8899017
6877198
5342874
9562391
9835817
6581823
50413
4841125
2569012
6130355
8480663
8200577
6178128
6678287
4508921
7281300
3742442
6725856
5983495
6026172
9768331
9853952
1627390
8632172
2109113
1129972
2349687
112328
9465806
1394347
3811150
4523755
6645497
7379432
1304341
771062
3858716
3526881
4150986
7467753
9457797
5979708
6236564
5610858
1979064
4041888
9548635
2865230
5564959
5545219
6454009
4104524
3824133
4545634
9567062
5687688
7057578
268849
8620640
4359655
9838859
7590201
8554084
4230441
3321542
4945709
1312574
4433108
2689295
9334003
4493620
1279823
4035590
8288037
9298860
8416920
1969316
5372830
3363813
3283690
5803829
1050278
4068469
6301857
6857790
6716116
4843402
1898122
3314796
7976526
5894729
3455594
2527072
7561348
9158360
6728146
4642542
75741
8254354
3666264
5452927
8137782
5704948
2529317
7110912
1901461
4963797
4831781
5952951
737022
7222057
462683
3387640
4126373
8905818
6243926
2559297
2239274
4823443
7728933
4872063
5065596
9247017
5042437
8159643
4223391
8515555
9134849
6276224
9958369
9772133
4515523
3844623
2502869
8779324
4637004
8591852
7520490
5741267
8558451
8379182
345262
2934296
2951650
1850323
3543307
3545162
334182
8157773
8472607
5636560
1999392
3922480
8317025
9393059
6010406
5521846
6383093
4304008
9475137
5589506
5049983
2261765
1736835
2310946
6958547
7847999
3499933
7156646
7224607
3243800
1701723
951201
4631740
4209368
7399098
9767947
851452
9194902
6029066
9074265
5196408
1530146
2670279
6810085
331702
1182717
6603990
8741798
2051367
5162839
2370297
1832058
1417369
4216570
9019821
7830670
6679306
3333868
8404823
7761337
498966
9850101
8140388
5449545
2307054
5628445
2379629
3896699
4380367
6758167
7902052
3241829
6199163
9233428
7381257
3930548
7563270
8794315
6719815
1003295
356680
8231
3692741
5056418
6114604
7213205
6073956
705874
2534234
9794907
2462588
3510361
8779419
2528441
7328193
428191
7935163
6277758
5374303
4449534
9548617
349390
2244098
5868480
5660477
6883213
4908431
875010
6623398
6586974
9903486
664779
5590510
420915
5117089
2047320
7596565
4073404
9071945
8042960
7242692
4666768
7521565
44886
3499201
6614502
2497726
1555705
572021
1087836
1623668
7691626
72472
4599295
2913395
7395690
5225813
7807754
7214895
1428310
6539432
4829173
5214927
4020073
9850423
3570512
2269260
7119389
4045693
6205562
8059623
3758138
938803
7930662
8569625
1574581
9784327
6179545
7273488
6763185
2772421
2179009
3543373
9384050
6149901
2048870
672781
569144
4941491
3191096
7136793
9153361
307465
8484315
1213862
7341337
3284676
2003657
1059605
5187345
8683257
6194372
7470977
2087032
4096670
3697078
5854548
1683243
8680494
3969845
3013469
374034
2394948
808143
5165818
2432856
8440496
203360
5113918
9499371
2680939
4456723
508541
1043953
2855259
4404477
4876129
7712224
4908510
1972110
4771118
1491126
5725000
5016913
131365
6844724
4324734
3011509
1054485
3420253
3250290
8161608
1042208
1403088
9068287
9015472
398905
2441333
2599914
228722
5277377
7593439
3511404
2337207
8041663
8174844
9196380
8108260
6567777
5649985
856925
4282089
4214947
1224157
8335632
8671432
2315509
4178031
8046458
9082622
8859568
6918231
4863289
8309738
8430907
2272940
4087436
3607902
7698301
5354065
9989030
4032023
13052
4891494
8756312
3665355
5704878
5379966
259737
9866599
6070590
9099679
3273414
7528675
3959104
3153626
7151321
7554539
9380516
1952682
4399337
6548432
9560227
8050148
1468899
3987573
984413
267117
6232465
142224
9002835
2986735
7780337
4829922
5332005
3206433
6803237
6142025
2567253
6916171
6557714
173795
7817324
7419946
8909338
1238397
3563930
6894112
1353576
2664269
1796391
2632569
699982
2817520
153215
1173151
7233237
3711172
1662794
4944907
7216331
1325307
4760866
5851517
983701
7155346
1615160
2065021
2070874
2617923
608533
9638617
8268621
5683505
5524753
5079954
3246380
5540845
3835385
7519508
2787316
7201526
1204186
5484577
3548502
4010381
1349210
1129337
4763984
254676
4381851
176068
4707251
6094949
2378020
4039093
811966
276868
8887041
1682723
6894354
8134263
4498795
2239472
6637377
4257928
5751798
1735946
3743202
7534614
9983943
914787
4034567
6740847
9949911
7085498
278520
8241109
6458007
7311644
3952410
4528617
6647427
6586705
4152049
6175639
6622930
9048083
683853
5905740
4939194
7379646
228658
2943457
5053392
5858426
3433855
4874479
4052398
4044484
211670
8384325
9393069
2534919
1746509
2798641
8003010
613341
1440185
2446892
3821554
6719787
7672698
2071299
8930841
1306090
4444215
9331657
1664841
8568045
8425351
4855388
8841574
3477791
8233632
2081494
1552554
4270941
3649578
4480708
2977265
7036975
3485363
5432166
7381301
575888
4095879
1877218
1877144
1648601
7567916
1340753
7637328
7377826
6053179
9392301
6991688
8037879
5021763
4701479
1543489
345677
3465968
5995258
6021245
1777715
3436256
8236307
1399054
1098729
5969322
937793
7897404
3629246
3405468
850601
3756004
6631275
9670465
1009755
9049847
8695324
1276128
4796754
8046722
1104304
8391151
2383842
7358168
1519756
7378156
1919032
6302021
4894522
6290701
205163
9567908
6727371
5767577
8151939
7061688
3355583
4918461
6819155
4771617
9235963
6010623
4058328
7955563
7610778
9417922
8716677
5394258
7281757
5897347
7852299
7201174
9028767
90334
3450508
9002723
9743033
6229273
7367717
9764567
9908237
1792757
4890577
7173170
8010122
7530434
747053
9860561
9640220
7251744
6489749
9070471
9968682
1543329
4761583
7172650
4747065
6455422
2313645
8422825
9752483
3196237
242011
3844787
7379274
762369
6598654
4716280
1559606
7955006
4935749
7344447
2959526
4318489
3624695
4572200
8765875
8264085
4417800
7373677
2354034
5089605
5564939
6921122
6597434
6615184
2625279
2856170
4931776
7844658
1003010
8316601
4924760
929976
5949926
1583444
6915457
8429150
3529974
4227142
9946209
3153975
6886425
2341277
3565111
8175935
8758610
7749349
2958157
7470550
42519
6351676
9828182
7826973
4867448
9409376
5235958
8745575
729672
307763
7512775
9672342
2006989
2231982
5478098
767233
584167
5923952
8899052
8074967
2716804
5305825
691407
543361
7785287
1995399
3283213
3583125
999858
5755460
9368235
3270720
4572160
9036662
3779824
2914469
9732077
2041507
6380985
4026671
4746647
5490500
7577045
1967422
8099873
9649355
6179019
6954324
694010
3721447
9456787
9447012
2056405
1082258
2950818
1637614
9274552
9982394
9665547
7938452
4772771
2790714
2472649
5981084
4342003
6803979
153216
3368448
2649379
4125411
6101083
8590730
4169470
1414825
3914547
7647907
7907471
4291008
3853465
2808577
892668
3516237
9599831
7093027
7305292
1886365
3111423
7694732
3628303
4222142
580656
6047976
7716141
625662
2535517
3472950
903678
4479552
7532413
6263510
9303499
3893856
9703249
294889
8792684
6065436
262706
3327779
9936701
4322538
4148088
8667365
7098840
9046101
7423414
8460261
6071724
898929
5173317
9520827
7474827
9054287
6698435
1532950
7095344
8665932
801954
6619350
1885600
6171050
2758464
8203556
1565374
7774395
3423658
8684515
8498966
3974820
2864597
8914592
3175393
8118050
2853992
3461380
8367251
7762503
7189304
1962915
3939502
1179406
9383890
8035992
8125234
1603608
5312933
5430599
2299273
3968640
6244946
5075493
2440370
7123412
9918662
2844390
6536877
5755134
5475200
5747135
6362174
5109777
1924855
9909754
133344
596300
4497564
6296920
9274707
8184585
2635814
6470340
6601116
3999187
7971671
223041
9573419
9581676
6205067
8103338
3681787
6392339
5367353
9102808
7231321
184654
9015742
8587647
3127009
6210149
4308227
9495630
8396705
7243633
2017036
5331779
4561189
6245177
5401695
9050796
6152089
2896345
1936373
3520831
4966326
5879306
6662579
3971989
2320404
1686097
4534804
9193313
9891101
2675296
4695298
1898882
116190
4154815
1558260
7778347
2675826
8505320
7955178
5041769
4443070
5621603
4650537
4791067
6177136
3678717
5913077
6612084
9354221
1888188
3994404
3031587
1504533
4773018
9273671
6657825
4585456
8807243
107937
6046671
7754070
6206139
5601702
609711
7088691
3372415
732193
2098072
5516994
8082716
2391218
2436076
9673485
455474
5776388
2139358
9638730
6428864
7866910
1238566
2713410
5045262
7095117
9559141
7865466
8971755
8755162
3670939
542452
568808
6384953
4319989
5692345
5484844
785724
1119323
9080232
5947445
7792187
7532808
6979555
2420755
6592763
1875624
7857606
1677836
6350194
127900
3861859
651361
1807770
7544100
7700039
8719977
4788423
8762232
4618338
9323830
3707419
324578
7279181
8734372
3725565
873407
7169722
2615615
2671381
8480932
3352061
6914960
736808
2376799
3854340
3760913
1632561
6288484
9172358
8001341
6054749
8971378
9740655
8750699
7076253
5377020
4990711
8212616
1703141
6463846
3616215
5005636
7891772
896932
5836351
8608354
7761560
9469642
5057661
7068852
1804646
7382036
5541117
7365910
9805043
3356166
4956064
8383152
4784834
915579
8257082
525079
157474
2044642
1037844
4520463
3649089
83877
9159614
8965377
8184035
1210099
3321623
818186
2759199
6803569
8629996
8718032
3692081
9343494
1844190
4945114
7492234
1002584
7444194
9321027
6154815
8598145
2345008
5934442
8204510
3014401
2534060
4339697
2741699
3395812
2012024
9965051
4073398
4048124
9653735
5654594
7679983
2127587
6366304
8781980
8775883
5822234
9342488
5603456
9339749
467060
9915690
4973521
3247005
5414812
5407898
779826
7073356
9784839
2745365
3830708
7584006
1335775
9740433
4887079
5506384
9473026
8078875
9675308
5238289
8995444
6890622
6606641
3184941
5631706
2413740
4495031
3659455
4629496
10473
8676404
6020335
3727406
6413929
8512843
817618
6412784
9783701
4109124
9877073
218174
3849125
1600954
6973206
535771
3881071
5200222
1630856
5243924
2621622
2225440
7375520
4409703
1757093
2624191
680958
4258300
8686635
807544
4970348
6463687
208589
6421992
1807725
7442726
6723768
7138167
7731728
3080129
5418210
362547
5521507
8606227
1041510
3373026
2221473
1967737
9762589
5018437
3243048
2060550
5785065
17345
3272950
4542740
9244864
1699363
7739317
2885937
9436884
5368851
7008792
7552026
5941058
6857665
5929054
7152343
2148946
7859410
7162321
2809366
8727288
532111
5154160
1293955
2424577
2880871
9981476
4571528
2042379
3920461
2597584
290842
4783861
1059197
9578740
8107592
3620888
9567083
9973561
5721210
5227135
171587
6420496
9401541
7200029
8432307
605617
1617561
4857365
8962843
7470419
6335353
2531444
900415
2494743
1300030
232916
4537229
5507508
7569109
8269504
1329868
1307201
2933082
6845678
884308
1614680
8509594
3490894
8921859
5641317
2097917
2458817
585442
9122295
6646783
2378258
6645695
1092023
8240565
652715
2554763
3873159
8865783
6509123
5706310
5290216
4925824
1876263
5262812
6091529
1860309
3225569
7111434
2655243
1144243
1099898
5498896
4712630
1996126
8084202
7526830
8337941
1146613
2765252
4227303
6442210
9109589
3069717
7281631
7516609
4731809
9689487
8578349
7157977
2205931
2084034
7173329
7592181
8388455
5655594
8406829
8944247
4376471
734173
5268842
8098461
7304967
4284057
2126872
5057971
4979573
5678566
3718787
166211
5141960
2034700
8646593
6800401
9692535
6552119
373332
6489731
6533892
6035370
7756842
2206097
8859803
4843606
9703917
5480734
5783971
1210710
9211109
5406103
6164464
7120832
1145021
3681397
5808010
5167570
7769235
7111371
2039756
4697472
8366070
3473976
3660432
1173102
2664389
7672705
7787055
8022109
1150329
8187858
2064611
5658912
7906132
2854226
3701438
5251417
3316910
5028648
2774842
3532317
6787868
2628593
8234572
5294871
7712463
627523
3107112
2237602
383430
492796
6225820
4076252
5134691
3858286
3539145
4448863
5836418
2121250
674041
3757055
9889532
2498293
6655125
4156984
212449
6122565
2453983
7821302
4659101
1884686
8612091
4307432
9108758
3231359
2843818
767427
3490838
5076990
7200556
2090695
7661940
9127581
8966866
856116
4056147
3050217
5855402
6916870
225420
1210152
4175644
9562211
7659497
6513039
2488331
4788459
4463214
764673
6990166
7603603
2741596
1069944
2177357
3015430
9163793
474599
6001156
7244820
2493777
9704215
5110941
5327554
1356094
3315555
6494218
3033910
3739119
3181720
9509873
7545689
380575
7461106
81259
8806953
4356472
4293133
5486137
9523063
9254262
5478052
7185197
4213031
5339689
6971759
4787169
5888337
3476883
3336525
9678236
1893967
5255365
6306810
9073451
9155619
717912
5410731
2256877
903138
4636088
4088919
3421100
2174487
1455851
1362147
3181023
6517418
6547988
6198276
73320
1690355
2949716
8895418
3686544
778576
6746833
8242458
2251545
29285
2596336
6026055
445888
1856531
5798913
7281109
2932177
8360671
7646957
5515899
1741121
69736
8947716
6206956
5156247
5971233
1944381
8160800
7131501
8897346
2099430
2400993
8907532
3323310
2699168
4247383
7580569
5956930
4747336
3619558
7352522
1233231
7433148
6512003
5043697
8413849
464443
8306535
3007458
2820807
9799256
6223154
6338936
7062641
250575
5608937
8813200
7963940
8362010
3783140
6034727
5220080
4456007
7087581
7340127
4915063
3762248
944582
5466911
4694455
1032803
1213760
2963666
4032317
7880673
9876056
5033341
6466416
5851271
9152182
5597638
4317270
856638
5012175
8781849
6492288
7480722
6693976
9727854
1800765
9397517
1418419
4217768
4755562
6439282
3433144
9314208
8096734
5898026
88324
5740725
8334568
4552875
4147114
4828185
8928972
9812358
6133543
3235429
7792434
4611573
7044211
8223940
2721068
4011144
1503345
3050227
5206467
7984497
8408672
4225444
1480282
1548650
8722981
3917959
7775024
9810658
3078009
2457258
1215396
1518684
814935
9795456
1603114
360984
291144
9304795
4060381
4227668
3702954
7537398
4608955
1761527
7489011
5257576
3813273
5487650
8053488
7546375
2135546
1468272
3013764
8235330
7600512
532162
2988689
9859454
455809
9183612
2054768
9904290
5708167
9898836
8254487
9557261
4538725
3694787
4181135
6717235
6771705
3927215
4570087
5605831
4512511
6889510
2053216
3743181
1605168
115256
6612590
1901022
9319391
6368548
5305627
9684409
6994069
278991
9500333
6320275
8604307
4320668
1995511
714849
5969898
289081
1825120
7884907
2369397
7718266
6632359
2166065
1512062
6054718
6961346
9376854
5300149
3439889
1251954
2917868
8342966
116535
7171869
845827
59797
7236254
3391155
2048176
9053281
9157196
9580065
4842480
2984027
9837964
639357
9285555
655056
1196087
4133936
5075824
9443596
9392271
4904146
8358302
1279871
8999771
5278086
5994962
7131847
807610
1892482
7118997
1856278
8398258
6961721
5156005
7852596
4149874
3143912
279246
7858451
4161973
7447575
5066682
5953465
5758753
8975628
7971890
321192
9627965
6726091
9381844
4538110
6723767
7298843
3448003
2092027
5043257
6206818
385679
523752
3090261
8115667
5930933
2861262
1891753
949607
5332710
9503109
2080104
7406716
2006789
8649140
435026
5872037
8144139
3560519
1199789
3629866
6878374
8067301
9141191
3063377
9501870
4258450
4127383
5810894
3904670
3632453
8507403
7959415
1022450
5140311
2922244
3460756
1785337
430728
9658491
691999
6586120
9775548
7152760
2336354
7060250
3127419
4448229
5174158
8823383
8688196
6007511
2920091
2401693
3150968
4045653
7037873
9940019
6094648
9177293
4098303
815606
8512686
9858112
4944289
9224373
3876833
9046631
9464285
4785953
7200763
5988569
2684393
123502
3536296
9089601
1571070
3581063
2023294
2046215
8621704
536619
8924829
8851725
4730521
7554610
6825011
9863748
5935080
914227
6709351
8097535
6058669
8845859
3313398
7717828
4722219
3554660
8035093
5042407
6025957
1598474
1584662
1019928
9028416
5936467
26676
7644753
2198886
6653444
7881695
4673933
5325257
9256013
2155523
2926798
8118480
1187257
8395291
1314814
4030821
1806004
5754406
4923131
9003554
6540025
5047051
7331550
7050728
7450255
9366221
8490579
748388
3477971
2312097
3573651
3164966
385543
9139525
7070208
5843693
5462994
2918548
2537598
3034326
1692528
5624547
3055497
3602937
4959339
8102166
1498952
9193554
5325269
4410560
2775098
1563770
2240630
8617988
7433318
8281586
9152930
5606298
2732121
3768936
6024111
3801611
161074
7872285
499184
1443110
7995038
2147212
9128279
6197476
4400929
8706142
8240492
6198065
1704811
3946261
384744
9677725
9014861
4517904
1099616
4382153
3560936
4486484
1478131
6562379
2719356
1074513
5976983
8451763
6348674
1283448
9677971
4579191
762838
5476102
8510894
4737421
5767475
4989979
3820443
2687415
9202719
6939020
1282500
5322974
9216965
4543942
2446780
6681616
2184173
6682372
2665441
3204028
9919556
4800058
5960537
4413848
263308
459412
3878039
2608108
5727995
9269370
3620022
4016760
3959
749717
1864600
8571283
5322703
6808784
2481117
4924857
4785564
8386332
7713321
3901493
6640803
1433688
3721656
6191094
2914433
884231
7325493
9517554
2503041
6095275
7218282
7024500
2908751
7308605
269274
1288113
6451380
3801193
9962591
2924526
6462736
8759291
1794864
3224049
2633423
1893294
7424561
5732775
223460
5617173
6836937
7943621
3437312
159280
8320973
3982367
793951
7401783
8338492
7821859
2002329
8978902
6608769
6455822
4110362
5229927
8047674
259476
2617849
1377050
3097610
7762550
6952481
2463779
7772757
4150101
2370355
9440169
2394667
4406689
8241889
4900295
1874862
5660965
7611649
2005604
5925025
2251376
2614931
1743907
5467169
5269888
378912
6324596
148642
1323388
3512540
3908155
8760353
4473170
6594277
3508496
9433720
924702
9455351
8103921
8083986
1280877
3758696
6684658
8479268
9132058
9918963
968705
9499846
7936024
5924059
4195556
8223581
2059914
1882448
8737063
2824779
9176272
6100950
6223419
5479389
971994
2387934
6372543
5177301
3525927
329674
8742696
3463726
9235590
4842788
4276807
3829302
8623414
2557648
2187753
6918095
6076626
8612427
2709061
3413276
8166707
3557123
9595564
4510801
5576456
2986265
3196346
4365138
7221247
4868
4127529
9421932
2304188
5840380
3812610
577901
7068311
4172576
7597482
204165
1792413
9480836
6722522
2411875
2781953
1059827
9633769
97003
2049286
5010602
9865445
5619047
4934331
544744
6816261
5856485
9849782
3517375
3167294
1299732
6664185
1117292
7777003
75836
7535850
5793775
7792986
3019462
6046993
1924376
5969585
483827
4431558
796443
4004938
7583784
2890919
5129112
6843587
4171472
274823
3979558
9412982
79394
8033041
5748145
8066948
1638632
528343
1453038
8691462
294193
3735200
3952848
77956
5171899
4935365
3471925
368620
17590
3291150
3818077
6313279
8309932
3628435
2490487
7898757
6363821
9336074
8136523
8103986
1059978
4313472
5552983
6743461
566033
1140756
3966934
3451093
2944570
6824227
3286641
7785609
7826031
5476546
4309964
6099661
9449411
715206
9360718
5612743
4870633
8970007
4507896
9331536
5984447
8786525
5587359
674447
2794620
8862614
3695679
8441400
7189935
2499513
9228938
8168620
9688288
1087340
1091358
6746455
1157618
3243757
9211248
3507620
9293526
978432
1029608
9983805
2944184
8493816
850104
362724
3621082
9490840
4144511
3656433
9837007
5701418
7963372
6872915
3562023
719869
9852103
7606699
238812
3683070
4981456
4569506
1682311
6032055
2989432
2221541
2724313
4218999
6472145
7085943
5155316
7710836
1160224
5080901
8048559
6718897
2875249
4976727
1304445
3510308
5285680
6749291
1104344
3292760
2216305
1396719
6346652
4219026
1985210
640150
5198677
2629207
5580958
2720849
9007421
6891446
1033243
9408965
9579068
135100
989435
1550457
1896950
5158194
1257778
6782618
6130763
2512164
9373139
466013
6548802
1094943
5643525
7788712
4523413
782093
3742138
4246780
9126888
4240035
9350794
5852477
2334316
6651037
2795892
2377366
911163
5963835
477760
2739433
9444553
4802676
4471947
3606677
8711134
3487563
5251671
8947078
2211987
5582821
5009460
5129005
1981285
8141516
9413828
624941
9165880
2503787
4294094
8267883
4465408
1634690
3186469
752366
6899584
7413027
911695
6741690
9325540
508726
765801
4062057
5088510
6532532
8220933
9576099
1715205
7853287
9074378
4059028
2697752
8782989
5710716
897832
721958
6406928
7397628
5435588
157286
2609476
3222155
4072378
3496859
8759756
673299
4571056
7982501
9338806
4832561
4413707
1402995
6153942
5312930
1684221
7184057
5647565
11830
5919731
3607653
1678752
798733
7754209
5359930
1191660
5559703
9417782
6939701
9662414
1546249
3489235
5256710
8145447
3350065
5792504
9221035
983509
8281239
8910169
2543836
4943531
4369294
717222
4206506
8705236
8457065
9043648
922685
5658397
4197626
1009879
7404105
6570689
1128480
5280983
8145212
727285
140761
7249765
1526476
1277480
4063344
6893940
1133925
4867731
5498059
353076
14056
9879899
3825304
398207
8843365
4406254
2510663
7887861
7740340
1947036
7466317
5421507
1944018
4620119
2623132
122319
3381605
4223510
2589227
3968649
8077464
2216832
4399767
7924854
9972023
3280257
5036924
9788822
1438783
3085620
8688253
3989220
6594235
9363989
1611059
5550824
4936697
6205376
8211890
4218259
7784424
9435674
3773542
6713052
2696225
9200103
8940570
7334609
2847981
1105816
5644544
3433043
9211653
5591129
3549884
6994615
3489061
1167538
3958335
8858336
5582856
4865732
3923755
5509784
2203971
7096733
6118354
4577885
3547695
4471701
1245736
1400253
8450814
7933536
6802001
7381740
4297831
40447
9048803
3635
4647418
3106502
6198795
9001426
5758950
6616193
9521186
2269342
3178847
1659209
4455538
8065572
3136221
1566049
4680892
8532045
7686626
3478132
5105751
8812082
7031078
2583081
4025532
4042632
269886
7049940
5209329
354383
1450992
8201696
7306258
7959652
7570916
1375866
3532141
267075
6913596
1059968
7748019
2031429
4786069
5982562
2184788
9213088
9624345
960962
9554623
7653044
3043894
9310218
8411200
3499957
1852004
9326645
2486312
7696578
2434398
5537245
7949652
7732128
7253222
4070833
6710675
6498703
2889510
350593
9106264
8452567
224601
8000008
9090029
4715931
9617849
1762049
7734011
4934409
2362029
8729990
6847002
205453
1128423
15549
1228912
4240611
1024688
5723346
1092541
557416
4778779
1533361
3078477
2820530
4692773
6762207
4000712
8006363
1608015
7087206
1054627
3383971
6216134
3276050
3258057
8373845
3838501
9279766
216649
8267065
7752308
2359979
5679519
3657591
5813083
9966800
4254253
1077976
7116271
6436822
1547541
2776957
1314842
2540000
2873303
3464471
1332679
5030430
8670106
3145769
1825503
2279618
8110708
770154
5056788
6852492
5090425
7930302
5191631
7370438
9101612
1434534
1394025
7617814
3638412
6287515
1700095
444327
2023180
3428746
143219
7988372
3156440
632729
4830127
5299333
5529940
1161186
741857
2891973
4193584
3927364
2015281
9460972
5554665
3686707
1950894
4923007
4022323
6211065
3157310
8911188
5660123
1828576
5524460
8812182
4827016
6666342
2658591
7068074
5074968
6798070
9090499
2105433
5869180
4193643
4774661
1562066
1617253
8797321
1034091
1810945
4192836
6469823
9702384
6878186
9399992
2663654
8989801
5962003
4587719
1734722
2034911
716234
7839859
9271419
6075241
585692
709448
5213824
9688957
1891580
8732016
266415
8901634
3587688
8473021
2752264
2533829
2439835
5016717
835259
1411932
498322
9988946
7202301
2115818
1883138
7631532
5350948
5148678
4407937
336252
1413886
2244867
1086515
9872497
1321727
305170
3101849
3100480
2204150
5663623
5284552
6041864
2281178
2787117
7243583
911301
7978690
6095041
2007786
1265960
