78496
9802
59242
71891
47021
96333
2714
87339
88941
43635
8369
92802
38419
50511
62727
15134
2389
38902
44290
7095
508
98117
26306
98942
15886
82478
21938
72122
88876
12922
1715
57201
49235
55721
49905
44457
70643
36933
71167
4504
27248
74924
30529
60973
38332
77717
5299
49583
94389
78432
39567
29422
54018
11505
68033
49566
47446
92713
75865
41252
10648
68772
22559
68616
47402
86035
9047
25798
33335
18094
35025
61267
44275
26739
8509
2075
27505
62034
5335
70606
58600
7084
92146
157
70212
24752
87112
52829
30284
25838
49829
32822
62427
63763
25469
59074
41019
890
76081
61394
21118
70262
4479
68645
70252
21967
3097
55827
37098
29205
97214
24686
18144
94736
86287
99134
20717
75830
92397
35369
29472
18218
2850
77487
98551
46550
15556
67955
45239
54345
94944
24093
13243
65232
91593
24915
39267
94086
4804
74363
22126
40613
8386
12537
74039
58495
21835
29317
4312
39467
3614
69190
4625
44867
46004
95531
82942
5195
99031
78469
4079
71325
34069
59672
50300
56857
93476
79432
54402
38566
35850
59859
56117
85835
54360
60451
64748
80920
90768
32250
78708
43452
15568
35872
76268
83995
33649
20319
94654
80843
23409
11052
72766
76393
50063
31269
61172
78874
35148
26989
41137
2023
43047
8551
91524
39604
22106
14490
78937
89942
34538
6057
51761
56020
13947
38089
61607
18854
8168
2246
19793
90337
67439
42883
99415
45257
60061
83770
90695
74973
67886
4267
36914
52184
90727
95674
49106
79208
77605
15294
46432
34176
36628
40297
61454
56152
24207
7200
99485
31608
99115
64513
55772
79690
1053
28331
62863
30911
66983
40907
16214
44436
95210
88847
89270
32518
97672
33067
47774
65708
64432
56772
28716
67895
67908
14385
17382
95409
68999
80908
77917
25305
10677
54509
94687
41948
38607
76418
14364
24300
76305
29824
28388
82410
24962
87417
92849
15606
74452
46159
33964
6505
74043
72437
24985
54200
81671
1289
85957
49236
34071
11386
77966
33112
64390
16332
52335
92511
81523
14047
62799
25548
44626
33138
78962
44429
29289
71695
30241
98053
64914
14676
50958
30317
19061
9883
57580
28506
59976
32697
36576
23124
72011
16561
59328
4123
25934
42687
60421
18820
57946
82679
64289
7039
27178
65780
18822
88933
83864
46081
70905
11506
71301
39326
9516
37596
98286
21689
34057
58470
59577
329
20201
59480
54527
81248
28626
71083
696
30414
16381
98310
62807
23056
46631
14900
96034
86288
41092
43584
25033
71181
51893
92678
87692
14302
83731
37787
81497
72113
42160
36525
71369
86648
8562
26040
5837
7609
49416
46678
24057
76861
55407
81620
21746
61879
63534
47825
31676
43765
20224
30220
41273
26808
5660
92730
25124
10204
55684
6159
41457
29530
89835
19516
94517
19493
4822
42886
43615
45764
84215
36388
20483
24485
22106
68531
22840
52519
5237
5415
44390
68027
42316
56493
41675
41517
57053
32466
6212
12611
60893
18872
1912
89956
90038
39950
85221
73180
40452
2490
44600
93879
22489
83124
28104
13128
92700
93961
36054
45697
39936
74475
5280
66386
18627
62486
59342
65883
74853
1155
29307
13952
7378
98769
99389
96274
98658
25054
54008
74016
92490
61034
64785
1153
69424
2911
24734
76801
33407
12617
3678
82001
50522
54511
6852
61723
77015
3357
48625
57145
86188
85586
72591
5244
79162
93532
68112
55041
5347
29138
40943
78610
92074
36524
77224
67035
43207
58081
37487
63312
34712
53898
57423
693
92787
12618
94657
20960
4114
27185
897
42187
96912
73058
43565
95882
23103
62694
59760
58146
18348
31311
60693
6145
59246
80849
79898
41824
26266
27119
60003
12823
78695
66696
41645
44715
36108
86528
80148
48151
18754
17116
49206
16909
76919
61931
32933
25572
41244
46734
46334
39695
46482
38778
68031
90629
53727
59612
63457
43335
91689
50988
63736
65597
12650
63039
95919
68548
15573
71711
25433
17714
14416
91107
6898
17856
83134
95813
50402
87218
48160
43726
41590
54679
5893
62820
55558
56458
20137
59486
39317
57855
34607
67173
28318
79599
26084
25219
58085
47262
21529
56620
43777
75921
97438
22114
88333
91848
36812
78271
99562
47590
9172
95207
94400
35647
37368
73814
51902
39113
46801
87687
54300
8566
13938
86348
60627
42530
74881
46784
62646
75562
50394
97243
21551
16083
72904
17304
72443
76698
23836
76144
31665
48043
26232
16673
69162
50066
7717
99598
86587
6367
4033
85442
96727
38210
93919
60139
35831
97770
24736
92133
77445
51857
96758
54770
89272
19610
26170
61558
98017
79675
12626
19456
53931
78780
41968
26300
55920
33538
83552
83528
82347
1559
70082
68298
68461
97885
7814
5203
13508
50481
63377
99741
77786
10770
61212
41361
8825
92325
66359
1709
8148
84026
58845
97155
23308
79248
43333
77544
77421
24527
67847
45584
22125
50288
39306
75887
95002
34337
16794
22338
51247
95586
47052
21450
82786
26124
58929
13118
6754
43010
46402
73333
50595
2725
70835
82815
1377
78153
92784
10161
45883
57024
37245
21513
59639
7512
19186
68471
59604
74287
73941
64745
45163
36060
80109
31847
79244
43347
93229
65405
69169
93250
94169
60472
37407
17054
26979
33087
72059
53936
66646
10562
4701
40098
89934
11536
49796
68508
65545
7317
4036
40680
32216
50356
65127
52075
75298
4635
73580
84491
81234
92204
26339
94970
8778
69976
57159
67932
15732
97490
47207
21061
21885
94281
40797
17521
63733
92450
53815
47723
90464
60511
69039
1924
83322
90168
26472
88955
46126
67047
80475
51437
98155
61054
96387
13177
26939
38230
11292
26468
18362
20884
33569
61900
94763
75147
64141
60484
21200
25702
5136
11706
31674
86314
12286
15333
73477
31625
57996
27327
44731
14629
25256
87385
81949
16027
77244
81301
80047
74375
45853
26021
75892
93485
19128
24199
83563
76983
74771
55287
72030
65963
63488
23878
33897
26206
10585
18276
27186
52479
4070
9354
57847
72794
26362
45235
39564
6634
53756
55640
2864
52222
64870
20197
55178
81787
18163
77735
83375
70566
80835
51812
3740
5083
12377
18893
72853
23477
46209
77041
54769
3585
27046
69442
9480
24971
99611
95371
71037
79259
45271
41014
61072
37526
97373
68857
25340
60531
87366
16496
41915
17738
84828
36053
97818
56189
23867
18517
45131
38281
2423
28899
73640
18659
83239
33207
2650
64716
73608
28500
92816
75055
61031
31586
75128
64032
60023
34996
88314
51396
96923
18710
8459
52390
17492
28555
8259
23192
74769
73457
38728
18440
75950
7528
25346
12824
78617
67202
96069
35516
94376
47012
93227
68684
85682
26286
75340
44411
87258
91255
72405
58969
20272
546
98004
72742
23215
33062
1621
63446
74119
90626
51751
50891
26644
28777
40816
72570
93497
74941
50644
99381
63954
88094
91829
81470
14010
40578
27365
32219
53921
12935
42793
27983
30125
2804
30021
21472
90122
56834
614
88436
27377
3295
98209
75971
42838
43693
28976
22850
38617
75869
19726
38880
14056
85955
11929
39295
32635
2720
20388
71660
4172
34453
5753
16183
62081
58805
47213
19438
67756
88026
57787
85654
3514
51186
40254
11997
7595
3914
50464
80747
91943
51242
90733
72341
33156
96376
73145
27599
6463
24324
75861
28307
66121
27234
38109
96178
91691
29884
32258
88715
92214
92572
90385
45275
58107
76203
44566
41714
81084
58480
18731
58140
10230
42121
35253
91551
17414
32792
177
44271
2748
53699
18067
86040
99350
46795
6530
24397
17284
53524
43992
47465
73005
92754
42900
44426
91069
69788
70411
59462
85316
40680
66122
88721
38218
6602
35519
87099
42041
29452
70611
31712
68286
10228
91635
46818
18120
34326
21240
84116
38115
70785
75003
66456
48402
48061
48639
26424
92877
10179
3938
23198
42255
42772
55995
3999
57368
41771
38229
62066
19275
19671
90970
62009
58840
83113
15852
59446
64350
3421
50223
59866
55705
63849
7427
53584
9299
51748
73715
9039
76151
46227
96498
5637
64430
50711
60253
67522
29932
17663
36012
56277
98605
59526
42480
57349
98217
95924
60688
81868
84626
83331
31268
18162
43111
36078
27229
1097
75872
42052
68448
66118
28253
16376
75188
50036
71558
20055
85653
61574
80062
72916
53400
60159
27074
67104
87966
61738
77958
95937
37788
3508
52747
49823
38143
34916
99515
64052
82147
66480
18296
32301
26902
43215
9347
8849
53375
16335
56292
39093
53660
72883
18147
1451
43233
15840
70286
74333
64376
99213
376
98600
46335
42302
31863
88890
20910
83608
50347
79009
33345
96742
95515
59437
95936
81284
39351
57427
87362
63863
28944
47865
93932
6405
72073
45929
1554
28412
44381
69640
20478
65517
56467
34652
15763
40659
31293
99337
23483
90041
83308
59206
96047
97550
8277
33038
76774
74361
74833
70846
47476
25002
17747
47622
89520
35674
76297
54878
63090
66993
56551
11494
51141
86195
68329
19028
79001
94355
76219
34483
69926
68840
59605
57205
89844
34609
69368
36000
67452
48257
27400
14881
58114
48500
33340
71699
34046
34515
81695
92130
67595
98445
59058
70158
34020
19234
61831
49074
73271
36631
68177
4748
71887
73389
99853
2780
20301
37347
92481
41502
52408
55455
29253
45816
28008
76846
26787
59191
61857
72785
79904
79890
70295
76650
98512
29634
52746
69345
85434
50040
52440
18765
14559
15167
46024
33128
41418
4789
67658
46800
13470
24146
40890
33189
51926
27322
26487
1863
40114
54489
80661
38356
88910
68028
78506
14173
81829
79007
50330
22823
77104
4667
46518
58798
91937
46824
30985
45701
56597
90462
70928
65176
70884
41077
87265
39820
29650
25968
19567
22830
55039
88489
89129
32706
44152
90778
40970
60537
93753
73753
32673
22453
57410
83244
93564
23432
73977
47480
29292
19016
57520
16257
44197
17890
24135
47855
82839
9015
15797
18608
10723
15097
54524
99000
67038
76651
42718
53717
51415
24453
95417
39944
74415
45832
42730
93341
39375
13138
46815
74212
94109
21296
43360
21748
56953
25906
96983
93873
44397
89856
48730
90212
34598
22110
51291
50799
39908
51062
55752
77837
33634
1440
85959
83428
57964
87497
69586
81438
5074
53830
30343
47137
24762
24426
27827
58113
72800
74108
55223
11365
76303
80098
2613
19823
3413
47359
79645
31720
47662
90252
10103
3841
91753
78845
5655
2263
58613
64469
8241
11950
76935
92305
22574
55360
82029
31655
86345
73910
44535
42077
93977
69563
84002
13086
26242
41937
83755
20260
1691
69598
1705
23984
44360
53476
39565
25276
75475
58736
34509
87332
2194
65447
89860
74436
48410
98448
19547
28967
24808
53309
18716
16778
74479
23527
45541
63641
8614
12970
13751
82449
3778
75472
44904
79387
82593
76827
96899
27540
41585
44804
26135
4436
80250
43548
80548
84682
22084
78656
68073
8064
91139
25785
73804
22528
72088
45773
93113
54121
12075
81866
48285
44431
48808
18514
65970
4152
95256
64921
94074
60159
21308
10274
23798
98594
5811
15377
16866
89288
25310
71566
12841
9871
60541
12499
13058
37883
91089
92718
79769
47837
59780
29929
55749
39869
50559
94924
5175
71428
92194
89452
95268
9986
5046
70531
472
50404
29990
67448
44282
11804
4139
82861
47487
55301
79769
28516
70169
23466
81327
92848
34731
42585
41951
60397
74743
65675
69310
92534
4189
46493
76614
64554
86915
31532
16597
38076
87759
29224
66845
38861
13333
60667
26428
82568
40592
80894
17364
63597
53556
69133
78057
46636
57679
33421
97072
16497
71776
18685
14140
23480
3711
90954
41583
89860
91861
23864
94120
18591
40072
6501
32366
17200
1213
19399
92295
10789
25717
94000
80015
89472
24019
63780
90596
49427
98643
31110
50997
32207
811
94442
99218
99791
69560
1410
90757
51375
5944
59413
57235
96401
24574
76431
27062
41675
90753
96564
50303
39675
21370
30859
65027
908
93680
55409
73580
23268
68679
75308
41088
22083
8190
85099
24411
49823
67967
64361
24925
130
48804
4276
99559
50769
91317
53456
40507
26179
29414
55274
56407
27418
27642
42910
33249
18681
12975
81653
3214
90286
34279
29496
6315
11128
15077
72100
48418
90337
84614
58643
93896
26347
96896
47664
65891
60759
68512
96422
33962
93088
68162
36719
49033
74176
20503
11347
38451
30627
54885
40652
57676
49288
25356
77179
60112
13371
55897
39437
98379
81075
94365
96709
22815
94506
11278
67900
66446
13603
35777
87609
6131
86739
20105
91571
21611
49807
5332
2567
27940
56970
59542
95707
45661
23752
73826
72550
86610
74843
45404
29178
71
43331
4861
45745
66987
57169
65454
37327
99116
2664
80402
68529
46406
39361
345
9796
44806
24867
57679
34263
23785
64371
93833
62687
77724
67462
91071
21517
84671
59731
9575
15426
20334
2185
61426
20290
8267
4506
34434
60020
95766
73132
8772
53063
75871
47635
43017
72113
43649
14784
26724
17285
19106
97586
42492
8048
58266
76905
30397
83338
97878
29462
73846
70242
17482
12756
14255
9964
96402
86157
1056
19175
87271
65183
55056
91050
82334
8714
41639
58278
12359
44175
3010
9295
18539
9195
80442
68279
32304
49359
36858
21606
93016
87521
45685
49329
29612
40935
20802
8245
35025
76105
78403
41636
56436
83787
32984
99502
37931
57194
4552
80571
62381
72105
52823
76970
66033
89854
65042
21117
63142
92600
94543
32665
27114
65276
94222
58752
59960
51535
28937
42202
14646
65913
84848
99534
56179
97596
83432
22862
63720
66019
53029
39823
34499
9174
87436
22904
90709
41044
92139
75784
99044
73006
42030
5578
57250
8428
87171
83381
76789
14151
5869
23277
29404
56557
58711
50157
95413
73298
69702
95415
14125
1121
41672
3379
80890
36756
16874
71509
11242
78135
54107
44296
17183
46782
4947
87284
15846
12511
80282
88008
51228
340
22898
56718
37246
87687
90572
75951
90889
76033
54437
32373
17331
29026
30628
25129
9520
38939
68371
4015
74227
1831
36162
49086
43772
47791
28063
11001
50056
97786
28944
13670
6700
2377
23334
45830
82746
141
65682
90474
66820
99869
27514
53155
52513
54787
32577
69409
48422
75311
61718
88849
95366
13499
90896
86227
90672
95652
54883
60330
60394
61189
35568
99689
13804
42992
42559
6599
32627
71032
50299
44194
51109
1639
53106
49681
76095
57524
86714
57378
76314
63249
23874
88139
92387
36409
87496
12568
88527
8629
72958
18915
64610
30151
27026
53039
78137
69932
79884
56330
890
24727
87860
64848
75200
56099
77126
99422
60307
74372
24772
63307
71353
22424
48460
5179
65937
23430
75152
94487
23036
96457
92118
45754
30470
11923
53306
2771
12202
85439
34581
30660
28333
56624
22656
52460
25487
83850
98919
14146
21488
56342
21768
96271
12509
6027
42082
12471
17923
14308
35854
88861
46064
19288
81843
9688
73826
64073
97557
24362
96788
6530
27694
90339
1785
46563
19614
55288
97367
94961
69838
20871
25721
77745
70616
29867
37151
33195
76884
84978
90129
60129
14709
77182
44981
68821
40135
22904
95876
66353
2274
15632
85182
31098
95568
49989
35162
84456
56175
39671
8930
94008
62518
228
82691
94855
22418
5343
70327
59924
44037
2052
32130
5211
98681
5437
28987
46528
92933
64896
25754
38399
52586
23550
30053
51911
35551
64529
21953
35623
70634
38611
89563
38105
74351
29965
35390
39481
85862
39619
60148
3801
70559
90645
86976
26395
12637
14910
27895
6392
91676
59780
34900
43037
10253
58757
42715
71136
15102
47277
31083
88242
22138
48340
40066
86835
82412
18828
90832
34937
27398
80224
662
94385
17381
27668
63871
56287
91852
74167
581
73806
77785
36925
11265
47206
23251
77503
82402
56965
47444
70542
7950
6137
98955
86370
87593
1737
24431
55136
73567
42016
20098
12552
35689
81655
61004
77189
88401
51240
87879
62664
42419
83848
84884
93105
91320
10207
51975
28641
94635
88833
85616
88826
97376
78128
45119
34361
52812
36946
24003
1725
33357
27702
26633
9207
13067
13572
63704
10682
14980
85389
52416
50536
85242
75957
83660
77430
16018
44671
18381
26469
9422
72575
9159
66602
97684
94711
25764
3020
21701
69680
92289
91201
2881
92415
34303
94270
51863
95107
14755
18071
42622
76869
15027
92693
70625
24364
86855
69457
77157
965
58669
89722
21584
90527
21365
32261
85898
27039
97321
94717
91638
24773
39285
64928
77440
99502
20674
10722
38648
77947
15926
91585
25037
6038
87508
87345
46711
61733
40932
76368
56491
74159
65624
14537
83002
24998
95412
26310
14250
27975
78440
96216
75096
35460
57959
46031
64112
18433
41390
42664
26460
62882
14602
77158
25260
47033
60648
45018
7397
50264
95855
18083
8681
55804
65379
28261
18584
4208
93865
39298
23478
77839
74486
47831
52241
51441
65362
49891
61907
8302
41725
94367
39325
6728
24753
8443
81383
39067
46040
39918
28302
88204
10287
28141
26917
54633
26349
49908
84128
22391
80552
79172
9960
62165
84686
49809
53247
27618
90915
67316
28078
12575
64620
24189
93023
54400
53045
59071
20822
11792
82074
41398
74689
83826
28296
7806
10201
95439
96367
8982
12999
79563
36279
64610
19981
59095
99466
21191
60791
23950
23123
42082
14864
19865
22466
17271
24868
75104
33177
29800
23422
81311
46277
65672
6665
94176
90184
41149
25740
57798
51274
68848
79968
4137
68300
33159
20439
87615
16261
83763
26240
61147
91485
20129
40424
62529
78961
43257
16290
74476
25078
52249
69571
58094
65165
95558
12247
59373
39659
38708
37758
3322
719
27441
98189
20866
13483
31290
3267
85053
81344
70720
27281
76842
25227
18047
45687
36041
11487
38063
67576
13401
91535
25845
49004
21381
93658
91538
1542
48265
92436
95482
5249
36464
56248
50927
95958
27190
97367
57092
73463
63483
63476
64549
22517
24095
51744
74428
1125
74499
20692
78489
68584
11022
81328
45910
73021
61501
31702
49051
76551
22387
39719
85119
55077
2984
73475
52804
53836
60431
38434
54226
58583
38604
21789
39147
73668
1089
34031
72001
96334
87682
15480
60929
92203
46269
29279
54137
60153
29577
31712
21510
46793
34592
41561
54324
65708
77333
26728
55875
71644
18689
80447
14141
81530
6463
23328
32835
96062
7269
87440
46317
49467
39341
30710
97224
18945
10336
24056
57641
87063
67298
83023
15525
26580
43688
34378
65176
6035
15633
20426
86845
69887
18426
75042
40211
37078
75637
50561
23631
40001
81953
47597
9756
96671
7159
45482
18770
9616
28733
50476
72376
94937
75133
42260
24208
78776
72190
25243
22777
35675
40727
57898
88378
41829
44265
69669
36258
25668
54868
7959
97743
19319
5808
57466
53957
89597
8725
24962
60915
6412
77716
71941
17534
24297
33792
28397
18734
62569
13315
379
90243
47190
11500
86035
95888
74199
62971
19899
17261
29165
57972
24525
20200
1882
24229
61499
42078
53308
61361
83122
25354
22801
79361
91366
82016
96595
66528
95819
37723
25798
44616
12168
41232
5091
93202
85459
61602
88960
58919
99051
6774
40082
79473
31581
32579
76633
56979
93901
88044
62923
65738
13916
77189
38801
328
21582
9407
56119
13965
65229
79388
95710
13782
43590
28318
97921
87716
10682
95253
36071
87857
78777
281
25664
25582
47313
91896
9479
39039
1455
15973
54676
12680
79278
63276
31468
63863
81784
45283
30311
37909
35974
10048
36993
76571
48621
40152
56448
71282
40114
4591
99695
40461
4218
50633
42012
75434
20089
15298
78304
62196
97797
80013
20549
72917
23974
65250
40476
49199
15450
24003
11537
32852
69975
7142
28263
80339
26217
57078
37813
35887
71766
53602
62123
47974
25901
51106
62124
99546
20289
51652
68848
62039
35577
3334
89899
6025
52372
96508
49018
91777
76236
7414
97462
67492
28549
72234
64778
37654
33526
37990
68413
10325
44596
2396
68860
17922
94223
2846
94722
56776
55511
27195
16796
64561
2926
58304
61884
79413
43736
50664
46167
14671
80369
94449
94749
71276
83977
36953
81623
4379
76786
70674
62232
69540
36930
44309
91808
73529
77385
39839
23312
74326
24093
92728
26083
56788
33063
82103
90083
69784
33813
40727
47891
12485
14645
8739
9404
59555
76630
326
19593
73842
73033
4316
89154
30496
6639
42534
96319
10393
90314
67739
24660
97767
36740
46179
14829
54326
5206
23719
96470
4061
8950
18314
835
2137
36560
94809
31984
17430
94754
86395
14746
44704
55644
14458
81789
98573
58979
93898
40261
28267
92404
63818
97029
52104
4295
8630
63489
57022
97027
91657
23952
17317
14791
86981
62277
54748
34253
15982
78951
59802
89867
9767
51672
11516
41752
59202
11902
56235
71658
75048
52818
2044
8335
79620
86342
26222
31678
67513
68049
68956
84635
97918
2529
99992
61665
60888
24600
40755
78011
22238
5809
48782
71403
93746
26329
78058
81154
85902
10858
98208
61365
54453
12114
77993
65888
25781
34559
16410
54017
43456
41970
58198
315
23801
95330
52735
56940
84331
18349
59041
37081
31476
87047
46187
75827
51355
35594
57470
47009
95552
85609
14300
12796
79652
24861
27298
58498
56798
49389
95821
88843
81847
25739
18598
92556
40680
52444
63546
91137
44458
37380
1297
9403
11782
42927
16578
90983
87847
59496
67964
8547
44483
2806
61455
45032
93420
61880
47035
54602
33222
53888
6685
61951
19603
85057
33808
92578
88529
44359
40132
30514
20342
15924
13341
75462
37033
66952
2075
38575
8659
52268
16284
6510
90957
91005
86436
61164
39114
74211
26116
63728
82042
48011
31716
25167
42158
5786
94622
83740
21353
67632
78403
39499
33741
5473
71455
73690
53917
19104
81777
89351
33435
32305
89439
65139
31381
71079
22187
63105
29583
64754
99359
75404
18137
44499
26573
9030
39648
65478
47458
24083
15182
53082
31900
46275
76189
64601
73323
62603
94785
41713
93904
130
31563
2440
31713
1783
41102
57576
87324
81373
67365
87482
35529
48017
94066
45707
58328
2327
9611
98455
91219
99215
16591
59266
36319
67018
16390
28284
53062
68302
28523
43045
12328
32199
43640
65223
37778
13162
58086
38152
73188
80420
12560
82580
87861
71920
29479
34301
76406
87188
14734
71001
82246
72532
85081
91032
52873
50329
41990
36109
48915
36631
9734
6646
46313
93612
59717
68890
52281
79137
80356
9753
11853
50932
49588
91879
62600
76314
70690
67866
8241
11823
72718
34329
87694
53875
15765
56388
35914
84299
37232
15191
15268
95615
93443
5939
44727
14626
54304
38006
97847
49376
36206
48046
62625
66629
30015
39635
26699
48839
62389
98990
97193
38352
12887
22283
7479
27143
4798
34945
98001
65842
84320
27478
58446
38229
42431
55554
49247
82300
83353
32231
12543
73567
27267
72915
18221
75237
75645
43198
19716
61228
17827
81052
53396
45932
44310
54392
64727
66901
16409
10529
38537
83955
5147
36141
80324
74920
56475
57088
53748
84465
76929
54784
92265
56242
78715
94725
85902
7038
29713
9406
95179
26625
95797
90724
5046
17113
37394
14236
30572
19025
58340
20055
62619
35865
17312
52133
69749
80733
16619
50174
80598
39883
18290
53058
80141
21355
68518
63788
950
54987
42681
8824
68018
5971
36194
68576
11916
98002
48848
85842
66543
14808
92451
97807
45157
90400
79932
79080
81493
14666
64289
71094
33405
68527
32804
81530
14682
33940
23760
17719
51397
2549
10306
10466
73219
85514
14965
70166
93081
14973
80707
66050
74837
94050
5184
97778
61531
83668
69063
13984
1041
95077
20720
94489
26220
70088
99774
97985
29168
55586
92548
91826
6011
78482
35054
99284
25978
24277
49532
95327
13937
69246
93544
66974
12144
31426
24157
92676
85430
23348
18656
78990
83756
21265
30691
71321
90527
59413
23683
55479
78178
93353
54783
13631
16206
39728
50109
77277
34837
19682
46404
57781
86482
77916
97048
66969
86147
45389
23756
69515
41929
11193
89937
88863
32174
75999
34180
80092
16710
39578
42500
85254
62120
66523
47292
63289
8228
43178
14303
10536
34613
80612
10923
67846
13791
69255
28125
51948
79236
28785
53625
41303
36660
86631
55899
35735
66927
27441
68741
29832
24984
13935
65699
36259
14663
77543
10076
34144
48101
88611
56726
71317
59204
54558
19776
87503
57845
89559
71913
17426
70311
93374
29227
3839
84199
27025
75211
51523
77459
80920
33490
47437
36295
53289
34719
6012
70996
83586
81216
54347
40136
45981
97237
55189
19234
66202
96891
40728
92632
23062
94269
22046
11862
26998
67765
42173
84422
40931
1968
67224
41976
34325
17926
55778
51028
47624
62466
65627
77503
75188
85506
35373
48042
49798
64788
11556
7530
63468
68542
13904
21170
47838
56189
44656
18929
62424
58870
99899
78888
62188
59106
45588
46408
9455
66694
3962
38528
60412
81567
61465
8848
26329
41296
72943
35095
70932
41464
68215
1986
24694
82167
68401
926
43449
89050
9736
60454
8139
50195
31300
32563
37552
3324
5640
39075
5189
18797
15693
81275
36937
1623
35234
95880
53408
32385
1720
45522
98315
4846
52428
7143
6080
19107
64380
3398
66691
59599
25368
20228
64062
10960
54294
52951
97457
73203
30400
16107
69795
5265
36658
15583
16804
18550
53314
41706
34456
36140
60628
48932
95447
32652
28562
78106
51283
55529
75671
92774
38465
62739
42717
88025
79718
36621
50033
19380
19140
21346
82341
93379
14441
30790
36216
62268
5546
34024
28541
82237
86424
6395
96468
66309
47701
37578
75642
27073
4493
709
62808
77802
39721
31963
51698
71051
44848
69041
26168
2940
1455
90091
23908
49120
42582
19824
76479
46132
63061
12492
58174
94246
98272
39834
53609
9667
12947
78727
22354
69864
32236
39583
91884
84772
50295
55993
99580
46388
79964
87408
90622
71308
48366
85151
2133
93459
62391
49128
59622
97176
29249
53681
87475
64568
11219
22998
19206
20446
73261
8307
32797
95222
11659
97210
77303
83124
78929
13408
25517
69150
50958
71157
77977
31285
43841
64508
69961
78461
59893
69746
5581
59697
29524
2785
98383
43192
29535
9241
86735
34263
56490
55564
1707
51506
31307
95934
99648
41842
30588
85920
16673
23008
79456
42280
43375
95055
96141
7429
1735
17201
24131
19736
15439
40562
61768
26000
99657
49533
23551
81134
10118
66230
15253
43487
66681
5039
19297
91717
50193
32357
51268
14409
14745
49274
73100
94824
57947
86157
47056
72642
22806
47414
80749
60400
12101
39102
48422
48485
8996
94107
94831
71392
74548
92226
54819
58928
24722
4222
50290
74064
89989
13942
49651
30047
47226
48371
52497
26581
60432
76938
4011
78962
67580
23988
3434
3584
86230
59849
28608
18322
27493
18566
94766
51327
64725
408
70383
58469
3794
90974
45281
54756
12632
86628
55797
59003
70262
88429
58342
47320
82452
41433
71172
70503
36684
88812
55853
40242
94399
55209
42366
65720
59616
57247
48908
33263
44333
83510
86064
48867
52303
70061
224
88562
2415
25037
46783
68664
16542
39817
47681
578
16811
90417
54585
78531
76188
57418
88517
37117
50597
95783
35545
94317
73903
5309
32731
82132
39760
71720
76854
77098
93878
75845
13242
55432
61992
15408
67374
57729
58553
8987
23169
13313
18489
99211
47343
16101
54107
37906
74037
70189
27544
81288
91521
3510
42996
36348
32669
26529
17081
37296
87303
27607
41367
63125
78805
95570
7440
65054
43912
6643
18454
31490
98110
94637
15205
17141
49088
91407
59123
50197
12670
61263
34520
83676
19649
50279
95405
32273
92616
50142
24027
17655
16241
98888
22384
92131
59671
3095
36971
87846
71836
81138
87795
15283
29570
74184
46364
59181
61398
99114
28485
42530
97783
69504
69887
90502
58509
63918
55649
67279
91098
78223
79779
84312
12032
61737
73985
90238
18297
21026
78109
93394
5898
58534
19597
67685
20453
16672
34529
97253
20193
14480
50121
44566
32520
61564
40467
38854
93825
26130
14807
68991
22942
26589
82980
72523
66731
47293
50744
35927
92052
25464
40977
5338
31661
59179
72993
31478
66149
88873
17154
28201
43594
64069
58350
99547
26892
72576
65019
92551
57167
46693
56494
39310
68581
54339
17877
32335
48545
94568
25926
73949
89682
57874
34819
38574
4668
32309
64668
37281
56540
85671
79018
58402
98288
79417
18834
37997
31101
64189
16982
58222
20276
85872
38694
63850
82029
96686
27901
67300
46650
47473
39820
89777
78060
86990
42363
60942
19947
25501
41126
68127
77462
69426
81299
10358
7770
38965
6084
49783
41973
23502
34120
83836
80975
6541
27525
39553
59034
18907
57035
34954
32794
3461
73618
189
74141
2014
84095
47619
50231
93072
54677
70427
14268
39478
3290
73323
94434
47605
48639
9806
43085
79235
16243
6375
64463
74022
54405
30980
81503
59906
8569
22370
44657
35347
51880
83923
62364
8205
59598
61760
15797
47810
84710
33874
59091
24067
42923
46252
34074
7279
86416
13519
54589
62225
66006
60923
16299
19957
47744
42068
37621
53381
94968
14048
56091
45285
3009
10165
8442
8665
21510
44991
19969
46672
68781
36952
70417
68925
21771
99577
21690
40277
87678
92461
92632
75664
4335
40082
23367
67802
77246
89557
79933
51187
86949
73923
28401
56058
84006
17017
96017
82200
7690
34170
17609
63915
25626
95385
56768
25230
39975
58865
17444
12315
66951
12767
54195
38575
4836
27799
78833
27891
2161
33860
25055
61016
84183
78330
95389
48660
7348
99712
84048
78869
28002
95570
30398
14964
94921
12174
36264
76038
97450
32062
34626
59422
75675
97274
39544
71952
49499
58663
78362
4119
96789
8441
38286
1177
82897
22872
38448
8588
52748
22537
79539
72591
6304
64033
94130
45070
40065
14814
96387
84717
65222
64216
15387
77097
77873
81867
83022
71827
28485
27511
46017
10234
49861
54760
11871
12841
56968
21157
16771
67938
90108
61375
49953
39138
54294
58192
65092
58654
70502
79219
44002
53328
20958
45656
84254
78876
69405
42091
74817
92987
24661
23372
74329
13191
12709
47739
68330
23925
69950
99865
96788
10782
51304
23126
34622
13341
17772
74056
8571
9284
31932
10611
97019
66347
86430
86410
70331
36959
67064
93574
24649
14150
46286
36397
60456
25670
64043
53423
43463
89803
98718
54346
76931
99692
84364
81336
66099
28895
50655
30374
6553
28547
70926
43042
54146
2673
93477
88567
29302
70658
40434
30448
46987
36041
95400
23644
16642
94496
65695
20035
65733
41373
74354
304
51254
33842
63581
1953
97335
6678
24354
23113
20347
55738
40747
89443
90071
8092
90798
42919
8734
7539
69607
92018
13570
20426
83193
10157
70861
12472
30416
49570
18958
62434
24829
6360
1139
6411
35104
80170
52492
69594
53323
53847
51033
60403
50376
69881
39775
99982
18505
78264
84527
77423
15030
5222
91935
62324
18061
44120
28082
80283
20874
53872
10043
33791
89124
91422
66750
42727
90180
65342
58987
34645
65921
79033
52945
54720
66247
109
38666
71738
46634
45437
58703
45517
35540
97813
84339
37490
62264
680
53255
88779
70191
43184
88569
41193
9804
88209
23973
68287
44038
89110
49830
33911
19758
97006
57420
23976
59208
82332
37801
13503
59637
17061
52490
44998
24079
36121
78249
16667
72256
81154
5862
74284
69161
16799
31053
19466
48756
19771
53032
11315
13793
65052
84
89008
12073
91436
37857
72422
81360
5042
22937
28052
87652
68336
86674
66820
92123
55140
24720
48941
18492
14925
12172
9516
41040
99479
72735
81943
77735
382
86338
86262
96296
93764
54705
81931
93159
42289
97042
71672
71247
14853
66487
50484
71476
6104
83687
45143
50221
7697
29627
9158
75878
5290
71570
59809
70677
88953
97537
32157
97666
87094
95344
94629
73540
57505
57418
18902
53045
87271
43124
78552
83033
1722
79285
85964
4232
99048
84127
47503
10575
48645
80552
73215
31064
63991
47065
35986
97735
28337
94992
27603
55671
50206
75851
16495
50186
67658
87017
88367
78386
67249
27800
88852
39047
76172
82079
71349
79326
34327
83501
99527
33265
24774
13460
66315
72321
15143
61405
54343
9347
17340
77283
55855
32477
32971
1781
22981
56113
61117
31731
80306
59354
57106
60822
87526
33304
63550
12132
7369
75858
53927
50389
7510
16731
26654
95651
38177
48829
66182
98332
10365
22860
81534
17862
86766
29698
45880
28626
74619
57715
64432
15701
76785
45292
55598
56575
56007
78465
75346
73920
95378
9770
56574
87487
88280
91146
29217
54098
58497
45258
69711
56414
5462
46475
65462
12174
47297
55790
86241
56310
5581
55724
11328
9595
75764
27509
17775
29128
59409
20640
58463
10143
43247
59400
43688
45492
65093
78712
52841
63069
23366
29264
6930
28851
64813
82234
69532
53488
47929
75453
17508
31894
56176
83095
66132
97688
92861
3986
54766
87542
52656
96668
66569
45596
13717
4345
362
86687
1772
59201
85227
79795
62039
57242
22063
34071
25803
71074
47464
1030
80395
1329
5421
33362
16004
80924
8072
11228
66708
14253
35025
62576
97716
63470
56288
57947
24505
43670
15574
54163
50555
96936
31969
96746
58229
3648
4213
52566
24608
56590
63875
8077
80119
2479
59960
69759
64077
44363
2340
75619
16290
66011
61692
71334
66507
5237
89139
94052
87706
80779
69933
75957
22416
34405
54798
88758
79319
12720
48047
68315
74097
36117
1932
70927
48203
62026
2242
9675
40519
32886
28606
59302
38148
79204
74506
96328
41011
56160
62970
52660
49420
13379
15217
34573
73811
18573
57160
90200
61443
86310
28894
11649
93
47785
78029
36496
84237
59337
23584
9998
79239
86421
77014
94959
26001
74250
6487
83649
24355
51013
27393
72497
75383
7575
32159
25599
45075
33216
64713
624
62512
16218
20422
96287
13984
71722
77527
72845
92739
23066
10931
99482
8502
12466
54818
55848
32312
28276
92799
84863
90329
75173
58768
30212
72328
32110
83563
52326
27847
29745
77774
94500
84708
81626
81630
69804
49695
55865
49610
42024
65624
53522
66502
96819
15432
76715
32980
60050
79789
93173
95804
75411
29473
82728
7333
53621
26148
52995
67797
21812
68135
66965
6856
91427
61443
18445
49786
75932
24329
5692
95008
38837
34931
14329
65014
72990
5870
63044
32382
93970
67932
23719
5541
49104
36902
41966
51280
56190
42950
97298
51166
10505
27491
44334
89068
73311
23989
6792
63954
32507
35087
90842
99905
94003
2425
80251
36907
51185
13342
40112
62237
65865
90170
46612
74890
85579
87849
81144
81309
434
21205
83826
22396
4313
13046
88646
58102
26952
97084
62300
75197
51151
54722
80635
92684
1460
14056
18760
57690
21886
75008
4192
96703
51704
85520
64222
79107
97807
86153
29815
4014
53726
77715
97589
68989
28874
49857
94702
71826
59582
83185
18380
52120
69796
54163
6921
11595
78197
11271
14671
56595
57726
94495
50936
67791
96368
9720
74934
57747
30969
79819
54858
13780
80492
2397
94849
13951
98285
66074
29254
84443
24940
7527
97617
88761
47579
21643
80369
87565
89630
69263
38809
17486
60757
84186
21531
81743
28145
27381
12709
70022
98331
17227
58520
61605
81695
37322
7019
67807
84018
50325
27603
26369
12521
63685
77912
60930
11458
58608
70099
18401
62159
39126
34150
26795
30892
40727
93439
47451
85355
88556
5380
14333
38726
8253
86176
37398
7904
83348
18262
87294
64206
70152
96322
86517
64152
53510
44681
67708
72251
48888
83396
10128
1659
65983
75465
37001
31823
78967
23980
20598
43420
26122
62362
11389
75705
68684
74997
62033
95224
33510
41166
64192
22521
28827
92453
12600
41854
45721
42820
41285
83926
33910
8655
18799
3504
54241
92824
75519
43150
85411
22313
63682
42073
31944
22912
812
37168
56596
48498
81890
51943
64271
20256
86853
53750
25370
7950
30581
89448
47618
57117
28933
99698
97409
71917
160
598
26819
53700
17911
63092
32382
45871
99978
71667
408
79320
15619
759
41396
89320
51289
44026
99708
88636
7134
24879
67936
14408
28768
40142
48829
74075
24945
2880
66441
72510
6777
13455
89376
15807
35310
93855
28696
35578
65317
81174
15468
10205
34641
74909
79241
11806
8745
54579
3164
15525
71162
95410
2127
98528
65107
52782
42688
15693
12392
75474
35232
7152
32596
37418
3494
53140
59255
40460
9409
2358
52844
95682
13145
429
42871
43147
89134
31089
32977
49666
42666
69064
12003
71751
5320
8648
17433
41234
21864
7434
85007
44655
85883
26032
13010
27947
68200
14226
8740
68401
43353
89108
34234
68405
26852
19885
59276
83600
82614
12004
94309
65756
47262
40852
16173
55023
69070
24595
98302
96604
15967
14876
78262
36519
19937
64129
51935
51550
68045
74247
85002
83778
89540
87024
67465
39164
40944
81666
40463
15257
27784
82034
71203
21552
12510
90920
56292
69398
87331
96207
19665
57022
12966
47351
35051
48973
5801
54477
68745
51891
33243
20941
23086
67235
84013
81207
42034
91203
24995
73637
50086
47408
16719
64592
87992
50248
55344
55213
16392
39558
26860
35533
53610
78170
17994
63694
97422
82433
87042
423
35704
12170
73291
55303
9826
36441
45545
64340
98244
26246
10587
70020
27790
96894
93021
20659
24447
23133
87392
22877
47979
43833
54740
67840
88004
71194
46325
9721
21994
66830
35367
80918
79466
5665
70889
45715
17862
53738
38758
75236
33397
94897
29712
88383
28964
94532
15413
71258
43599
6814
69815
40280
58799
15375
61896
12753
13142
33326
82175
14969
22426
55551
290
15557
56164
69975
95891
35812
58959
39889
68224
90252
9674
55192
91395
22980
79032
58318
33344
7003
75716
57881
59012
63103
80640
95123
69761
22067
57271
32183
57600
47919
74595
1828
83569
41924
91365
88505
92566
81712
40536
2435
2174
39550
14147
96724
74690
21422
39859
2393
7040
76036
80804
49133
8558
63246
72203
11460
87450
43472
22041
53109
25064
64966
34879
7356
64486
10257
77775
29615
58235
55724
37990
82273
91122
46768
19769
57767
7473
5380
10420
61028
63125
87668
89732
56411
31086
68346
35317
55229
41603
43542
73147
95686
38944
81495
2431
84617
15027
89565
5915
86447
32690
54816
47461
50560
14807
44380
27503
8057
2921
76528
40342
98593
48771
30128
23725
66235
79005
1204
55507
57181
29734
8917
5124
20113
72780
60250
46150
57582
60152
37842
96237
47753
15291
75869
22546
52929
44501
84235
87818
47074
99761
67010
18848
31298
56417
29453
67763
16996
74141
77028
40689
38104
21100
33924
10363
83598
2870
17038
2685
93370
96985
32310
85851
53002
64993
69816
68905
67418
17933
99639
97168
6013
96502
31819
39883
86019
67089
86494
45991
58397
23061
38104
71347
95558
40769
93268
64836
98480
45639
95859
64028
45341
43997
61705
26880
96943
13392
5853
88542
24469
91745
23022
42674
68518
43790
11357
73632
44447
5263
93329
72470
2579
37300
10582
6986
21143
3916
71955
99777
94233
38342
85400
94374
43876
97036
87615
53811
12565
95023
27964
68633
51040
95202
21169
12257
38065
16925
70065
82051
59783
87409
52257
95434
69421
87693
75748
3939
82970
54965
76999
33587
75964
51256
29854
30794
23149
83717
62939
69500
95190
1610
76080
75520
48461
1572
1595
95657
49135
15114
98204
4604
82437
23308
76318
41698
426
70339
73792
20980
77902
32310
16381
76141
8700
23244
64710
37620
69609
12133
87512
18154
46218
20040
18083
43156
8958
55245
7202
31322
31066
31461
27282
19133
17242
15289
15267
36426
43073
4739
1184
32975
25008
89603
30214
49746
67956
66417
47089
73173
28995
69353
9805
92580
61749
14381
65926
43010
67187
3760
97405
25388
62882
65659
64881
62141
45286
38701
42171
97929
7489
95614
59115
18785
11241
97063
73851
35498
23665
80421
79356
32409
84057
74199
56742
37433
99335
40602
53892
54989
15279
57947
35416
6832
88665
43577
38851
85974
86492
75941
28128
28235
46133
6167
49498
41571
63339
51880
33914
91359
63199
38867
90891
73971
36867
17098
58677
77864
84958
45518
29239
99496
3533
46807
57355
58168
88240
92504
40336
14658
97751
50198
10700
74970
30185
12075
78409
11791
68529
14676
99665
86381
66765
62155
71048
9635
71952
48057
62150
36272
91581
75984
3244
50121
75465
78596
61287
35256
74150
7620
68962
45205
26459
5837
30749
37601
37141
26989
11165
48407
95951
85813
30488
84911
43529
27271
2300
91139
38697
13730
94502
92070
32275
6415
43200
65306
26421
88913
51698
2249
91865
18214
1499
34721
27250
5322
88208
53092
50620
73469
85616
17331
43261
69638
19789
73541
49503
68873
29380
6178
35579
80432
2701
68989
42184
4436
67931
56562
72715
19215
97787
48004
16372
48993
92868
23272
68185
16571
31718
48290
58118
94722
85047
82282
28633
54432
69816
68888
61194
7511
90377
24187
96936
53587
61579
64749
69416
37510
90643
39222
67446
70792
58002
76394
51528
59818
65603
56556
224
49846
73126
48131
68220
78365
76640
72895
91497
31107
33845
2700
43447
70284
60896
82201
89605
60319
38924
20618
64888
41262
83231
60860
3333
7610
60360
49778
33201
36707
5510
36253
43026
32430
36112
32460
66157
81788
37435
39127
52517
38431
40934
77535
36649
62845
97113
3279
30195
40780
41943
16359
62779
62416
84706
53891
72767
42806
78662
42342
83940
85483
64295
8066
89305
25923
58236
61948
96515
14962
61806
87356
18634
64979
97041
11808
51495
94024
23249
97004
76097
52193
36153
33248
34251
4292
13737
36997
90337
16005
43180
68451
75663
20150
59979
95342
31046
29865
80336
97879
77625
68704
16294
38109
41599
70573
82693
47871
64729
76649
66539
34346
78068
45351
83073
7935
74925
46839
21452
76451
95927
61240
50473
59051
73930
51998
47737
11924
93902
6628
48829
88282
48851
90182
24273
11219
83462
3104
9442
63691
10382
45269
44604
28698
28924
96597
9451
53143
58982
23812
2713
35391
24983
15403
22239
20022
63290
19156
83970
9593
68228
69906
30339
65420
79040
23279
22281
82762
66611
90888
51984
97497
26960
1110
67399
18768
41694
92988
13704
90855
64994
6155
65717
2237
71806
13336
45288
33686
92928
68763
25295
77209
3623
29565
41418
28457
75300
90515
96237
8785
65296
46529
37738
92162
49348
47354
40720
60986
8057
97027
12711
46451
26918
16519
95540
58757
53106
25702
16654
78501
5573
99255
25972
33014
50975
53670
73840
72043
97258
22014
82173
30463
64788
76505
4520
19111
84395
57374
81344
39397
38119
80067
76811
2435
15159
41840
8652
24630
64280
19713
32838
84226
38967
64893
60650
46669
32454
80201
37605
69371
40652
58395
16275
6822
24702
87544
72882
41474
60637
25614
63454
37695
74675
29954
86173
67618
97361
15585
91950
21158
54365
25877
10185
44806
50768
10527
77131
19492
10479
29389
76843
80026
40140
96514
41000
20891
586
75419
48464
1485
33029
83233
38460
93378
85354
45672
91932
14308
11773
85017
91819
10650
60406
16765
79887
31155
23787
99127
40851
27636
21719
99628
46272
7868
46237
85910
90689
40970
59741
99601
28041
10446
6224
25074
26249
49278
39522
89405
21539
14072
23874
78679
19588
64224
4017
42400
56553
75031
317
44518
46045
44087
40900
20377
1535
80253
92834
67109
62328
41285
34840
34168
57319
7576
96730
44597
6762
85665
86373
62816
9666
27481
19744
79169
39953
78023
31254
13861
62258
10531
38488
15734
14939
91035
91801
52693
60989
27163
12324
26921
68307
82732
82915
49928
90466
18769
97017
91568
18475
20594
15400
36494
79687
42082
11928
64515
21635
17054
43721
47333
45405
60871
79645
1815
67002
12809
37146
68430
18745
82883
12851
84678
91212
10040
27425
74899
71448
48650
11094
63712
82074
84137
65047
51755
5420
76430
51091
27359
53979
6925
98952
10334
30114
23520
84601
11150
90807
65260
81027
40507
84527
3752
73920
58431
83445
91538
34726
835
29990
64807
59334
17646
82523
82934
57262
65395
4626
24186
87383
96395
91972
73394
59880
28077
10838
49337
96533
69070
21422
1785
49216
47651
44329
87133
67864
89960
66106
40873
33536
10418
23764
10518
68870
13872
88611
30750
59203
5191
26240
45274
3606
57879
15016
72956
28330
22686
65346
29142
94637
91360
62106
48522
97047
25908
92404
51937
56957
32448
80568
51690
14874
61849
41871
79633
52460
90675
47278
33029
65338
79299
67896
25863
12204
92746
44922
40034
98555
57942
66758
78508
87251
80754
67982
19178
88448
44210
4772
24076
1923
19112
56849
28502
76889
66198
11693
70911
80776
72633
10979
42347
66256
15399
46037
52480
4677
23881
6825
48775
41550
27845
81527
96389
24041
81611
85346
63867
7736
28178
27404
35145
36114
16797
51991
53916
82123
78592
16421
39708
58191
4962
40414
83
2813
73754
33077
49238
35312
69334
4096
41681
84833
6522
69692
18115
71487
16013
75912
26257
62277
56397
98847
14784
96343
22194
37348
49383
33241
3690
45982
85431
89178
65737
10272
23396
78401
77006
59346
53559
10547
69923
89163
49755
59126
63359
63756
98793
45313
3435
39017
84006
21924
32218
85759
87722
36753
79745
84678
42259
63429
64592
56635
45096
4152
99588
37334
31076
74901
74725
14685
71355
98358
55800
47572
17867
77567
63077
88913
43680
76378
40781
22949
61448
94392
33941
98438
75000
91908
68701
29140
41723
15454
10673
1760
17220
83242
95344
83363
36660
51346
10347
7198
22961
81771
40503
45172
48436
46898
1332
65454
67845
95800
68978
40313
70324
44096
4068
48518
23663
70619
69050
8698
15193
65508
21018
46521
37348
77386
1744
59200
61894
81905
93439
16144
97576
34770
7215
63076
24276
32832
16978
32483
21603
25487
74071
73933
88226
57309
88019
48414
30221
76933
18111
72779
83500
50874
75655
61470
65015
1089
8129
44457
71859
89297
34910
62975
69090
57376
34511
26763
32410
43757
11949
17789
81821
83718
56889
4505
29306
82115
41691
44840
98527
66675
16968
86428
44175
28281
8824
63748
38840
73936
16912
32144
25823
7451
34523
26647
51159
56563
19893
68734
59924
18838
8404
46457
56360
77952
31092
19870
29188
65412
76153
16453
39142
63343
67224
53045
20797
4886
13633
82055
22524
18825
91501
76146
61307
37925
18880
68531
74781
82028
51414
77760
820
79088
78665
73997
45952
6549
79614
26772
11721
81175
6875
39328
9208
71392
71894
92926
43435
13015
65856
89238
62205
35242
78511
36994
77305
60158
64163
37949
46519
49931
88479
76970
28531
49751
58786
38208
99118
19949
29120
845
32128
33495
86592
6878
64088
21697
84755
81325
76057
8366
7029
32722
36361
9203
11777
23688
8397
42332
47840
39120
8665
11741
64535
20942
89091
71805
42176
26325
33755
32246
4557
40273
90439
25248
43531
22645
27508
95259
51237
1403
92934
99329
43136
89271
68475
37449
8772
59042
61076
86233
81844
4202
5482
33435
82971
27854
35909
25869
82747
10221
59944
27824
2455
1399
64062
88184
67280
42964
8313
42746
33883
25084
23465
85219
9697
31817
73623
63883
86644
47200
64131
9509
89332
84269
74156
94324
79802
68030
83983
55126
14574
83893
8868
72923
24589
25843
10632
59099
20117
94711
90630
59675
25306
16721
48050
25602
7387
72448
64619
65149
48421
78976
80374
18243
14782
35458
43764
8745
25373
3189
78329
65636
22611
8047
44147
97728
11953
38298
13613
10524
92405
10168
37874
58160
76493
9516
72077
56335
80687
66186
62667
50633
90851
83133
43727
84350
58956
34925
28395
55756
48779
5205
48858
18512
13566
38842
50180
19505
25016
59649
66361
33841
52865
58668
25078
3135
41315
99701
50356
2416
69211
61758
57194
45023
40308
90461
24420
62601
99638
42827
59443
26771
91812
73832
86313
85254
43206
1355
90527
24122
98392
68307
46960
75487
26815
77751
55880
58886
76584
42386
31919
17482
28769
68975
53253
70899
56169
24886
90960
13928
69957
56982
12209
51861
54970
79205
78750
93391
41937
55344
48024
88114
35016
67539
74776
82383
85170
39522
51877
80937
77744
53692
43738
87293
27628
90090
84768
5686
33954
4227
3728
10686
37130
17109
14357
73426
59893
97689
86902
66728
21357
88075
38745
26864
74568
82141
50915
75810
31918
29853
60079
15963
978
30344
71576
18643
80076
14192
70293
30306
12659
86482
54709
11272
4820
82031
85709
46015
55491
17434
99133
13921
20240
28292
32892
88779
62101
41926
40011
22104
77244
67697
59386
48257
38638
30502
82387
27295
37124
98502
42014
21075
15518
23293
91435
46662
26517
51852
75624
67299
62299
93613
49752
39074
30316
46811
52678
13150
33192
18240
39063
54583
24602
3237
50784
32045
93580
17393
4217
25127
7917
31708
80525
4090
26324
63778
53267
33571
62459
55052
21495
39644
12282
94848
94414
31703
35079
21855
13773
28698
7763
91127
70986
22882
16158
85581
41987
25168
24279
1513
33623
88018
73360
81511
786
3788
20265
15724
41194
99838
9082
63798
66549
92997
46185
83822
79215
60806
79323
70188
7384
53443
10349
8519
19012
28972
87048
15995
8807
32751
46351
15707
9818
84430
80682
84046
14452
65825
58372
57707
35954
79504
3461
98926
3153
77663
96917
91823
23155
27706
91030
10721
30029
6925
13470
1617
91291
77970
63888
68367
3583
47779
69016
82732
35591
21619
94438
55271
10006
74106
10606
556
95783
17077
24942
76725
80597
28886
85374
242
3797
3461
63636
35876
77507
17815
88025
52684
47567
85457
92738
2925
32472
74653
33292
85301
79144
47998
73383
50055
32761
94229
89962
54420
93463
67157
54135
9061
86320
65865
98398
48619
60077
29151
83279
99281
2719
44491
73189
20556
37801
18459
22254
73849
8993
83553
10694
11002
65885
38396
77707
61921
73180
9192
28462
27692
11113
79717
19515
5172
11744
95415
77936
83706
91735
12292
93745
84414
64947
2399
49835
10761
52053
80692
13259
50634
91151
83431
99217
94480
93613
95479
18562
84196
59898
13463
74962
68224
98073
78689
66715
56359
93388
37760
18552
44947
65578
37264
79208
60930
16919
72110
54940
65274
27458
85609
28827
40510
16488
12699
66893
10795
69345
45276
71785
63389
61214
97737
70721
98513
62948
28340
39675
6027
23179
22775
26724
58446
38141
58867
54716
81750
5091
78355
3178
46476
69197
13252
21871
4100
41119
38801
57096
86690
81457
34264
54193
97636
88388
85008
48549
87840
99955
32491
87289
35697
18173
87339
55456
24961
5945
55615
67569
41033
88109
33399
54086
88472
45465
27334
86925
10238
2496
8963
69479
73056
50070
95422
8671
75210
10472
43098
31301
35306
38079
39039
74403
9309
41087
82988
10094
47994
54916
26562
67520
38271
67662
21021
48022
21242
34232
84853
72650
15338
43912
56204
26391
63824
5741
77059
22035
87948
96135
49059
18769
38672
29077
76858
35788
23445
96908
30663
45900
99973
38306
9202
29340
46686
83825
5570
79116
8434
78465
46611
51144
14604
21067
34668
66276
76989
68875
2910
73545
13682
33400
25079
1062
77409
84191
9152
44424
52432
30297
57756
88073
42921
49346
98262
59116
65808
30912
20386
34834
67700
61740
22285
42527
85905
17030
58308
3538
19495
24556
9648
97331
47257
46846
61586
10156
71767
56593
69483
33391
80829
42005
45516
94287
51318
90999
85004
10334
5674
79913
30464
11347
45978
87026
64230
3053
36779
25156
93058
77774
94258
41191
53383
88239
2833
88769
39447
74717
40660
68417
32973
8545
87410
30178
6320
50174
95315
23837
25800
78332
36063
75714
93700
69085
76432
98205
30849
48446
15345
85395
20957
87937
30062
6044
23503
4309
76453
54661
36714
68353
17572
81447
13604
44020
18574
83424
65327
9797
46947
22229
98206
77285
87270
26779
99477
23154
33390
5426
69514
64297
86591
32083
93714
71277
47542
23370
1532
80418
57836
30614
45878
138
7892
60648
12515
74961
73543
64890
71495
16996
71210
6397
96862
12384
55446
96818
3272
50418
51633
28300
62754
40837
69540
91822
70476
65527
56212
57433
66082
57792
10507
94266
52059
61735
57952
58542
11712
70734
88164
9111
53035
91964
99520
56225
93896
61793
23818
34101
84966
21544
78023
42563
6983
1568
47338
36138
22973
3371
18531
59315
28175
56708
59999
67322
54207
98929
1677
42310
25073
57406
11875
17893
19324
70384
63854
19119
13776
72260
14218
56284
23682
65969
85941
96871
77667
35368
35278
48030
42705
4607
68191
22631
33491
88760
85894
90011
92336
77970
96263
79514
67903
50143
99285
81996
93177
75920
29593
34221
82545
39977
2208
2523
34664
59560
16628
55199
72099
90356
67851
15860
10225
59819
8428
51333
86491
62963
11204
54582
56750
15931
97795
26422
4199
54864
63514
51709
51879
56540
58530
94373
68194
93265
21487
27024
36958
57049
71283
91719
3067
19787
8831
61641
96257
49883
33436
53461
62244
48853
40991
57071
62020
79213
4022
55056
56663
69399
35389
3680
32008
76765
64465
94468
78134
17357
66903
74392
81962
25619
68430
3864
42495
77177
30793
63368
47221
70740
10783
33391
37064
51417
84928
4207
35817
16721
47594
34910
85234
42557
53724
95962
88835
31936
82707
40237
96046
37989
2392
37063
56915
60216
91832
68924
41371
86960
51486
97966
1611
15785
30183
98561
72648
97980
29300
91730
81552
61463
11638
75802
22105
97006
29395
52193
17292
25828
8405
96320
32868
40095
75007
97756
44225
98973
42879
99217
98866
8371
92540
2817
21862
14936
64755
80178
53999
4179
65224
96165
49642
62462
86243
93027
6656
23453
24283
45210
50072
18911
19363
90541
27069
27805
28818
62926
16878
72132
71804
27096
18477
84366
98554
67892
85569
90677
57666
70866
6581
66854
71452
8151
94286
36269
79976
64260
40572
27391
66663
4531
14283
72816
22717
18786
30582
49309
38393
99194
37952
23151
73238
16811
90607
56054
74939
39256
89973
53405
19848
76830
54600
63969
92261
51688
99736
22269
29025
16293
30699
22337
37785
33161
93946
56422
64599
97935
68081
84459
34510
93267
67854
48329
5362
90563
37871
76900
4863
97771
57145
62135
8805
30796
21876
60525
43036
76863
29909
43727
75476
37078
82038
771
51807
8788
31917
92221
88682
11935
35990
65329
40757
89801
63287
96750
50312
94737
74166
20433
1134
9887
47927
9127
62183
88579
28993
97085
91856
50440
59711
12614
48762
26275
81330
64861
25770
31181
14598
57675
48877
11267
97077
25361
54539
56029
15871
84603
91444
40211
32031
60177
37715
75852
74173
17510
9579
18460
41302
50567
30651
81417
29023
62431
9161
402
29391
99736
81952
86681
18543
41381
69353
36308
89487
27841
43118
59193
98107
11324
61998
6592
6988
65505
45580
27563
67376
32159
41012
55896
97837
54324
35128
19823
28263
56019
74051
78493
14233
8510
34110
72286
40277
48530
38446
44491
18003
90796
88479
15711
62905
83178
17033
11323
57788
6008
65006
11387
44131
30206
39760
39661
94090
61135
62578
54886
97886
80284
73817
18400
39068
30025
5745
23230
57965
49769
50406
93853
91605
11904
95498
84164
11240
79095
24757
41725
53331
43835
28786
84569
94035
5323
51958
52319
68312
11140
720
19876
45831
96672
57884
92356
9058
21486
18986
74272
44873
59298
40006
72235
8316
84888
19207
22491
38240
32908
32350
43874
61171
1583
70803
40952
53540
86534
80503
37817
17630
46243
11339
99714
90415
50952
31227
31205
65370
73064
28682
98094
45992
81356
7377
18097
75655
90311
49645
71980
25380
25927
52020
11348
51883
48177
97373
98842
55871
43950
41014
50275
47868
41583
72248
14917
84052
3809
22325
55157
98089
89531
4132
96596
17001
93801
26492
53633
85547
85963
52077
16620
92952
4642
47243
67138
75888
79567
99190
49828
42931
60358
68366
805
82124
63889
6631
17165
99580
65691
14419
42332
96498
91388
74991
6244
89169
87228
19082
55460
52951
18832
13604
46588
39508
48679
90330
53464
4076
49759
90194
56869
25168
13098
50456
46870
24734
68554
28945
183
84988
45300
18783
49101
64856
13106
14275
7824
75671
63120
81464
87231
48340
18597
29982
10335
5791
59688
349
73352
61428
20921
44531
97330
6867
61808
93472
24705
17352
64593
62358
38358
51973
56142
43974
49176
42372
50447
67875
32775
58781
23986
65129
89408
91784
92790
82157
43944
14819
10785
1966
49636
58295
66605
54435
83871
74992
31833
18220
23449
69796
8385
55181
12273
62723
88999
55635
62132
12383
63462
38370
17945
25029
51012
96979
63840
71582
6524
50486
84931
32505
36251
77997
16650
75574
34734
63253
91354
23295
79956
61659
48458
38357
57162
60229
10699
28886
9434
20645
17010
7106
79609
18494
95987
2257
70050
4039
32901
43212
17837
54193
86199
79499
8229
55047
72828
25216
92017
15906
75723
30278
72043
2369
40020
81233
68090
63445
45139
43723
31354
16415
71622
21459
53677
9484
47815
24565
27595
67956
97453
20102
80185
44879
22686
8020
61858
17488
271
64912
57623
83975
23557
4742
37125
56734
2270
48993
94291
65055
85329
2292
38397
14809
6657
96094
52087
79151
99797
26796
23483
80103
36727
66812
33332
63901
92435
20181
33041
99027
66178
90808
55020
75309
57484
8705
27097
69163
18200
54596
88628
6569
90431
92648
45891
17418
10273
99830
47743
5079
17616
37388
63344
71794
28476
92883
11823
41269
79035
89447
2734
91322
16287
3497
70787
66870
20941
35486
49051
80371
95910
93040
48732
6609
82859
76524
11412
32645
52311
20237
93893
88316
30349
80168
77632
73826
47488
28107
31286
30252
11502
12232
29661
45531
40958
90791
75284
68963
51466
73740
4502
85854
80314
71097
61561
89121
60908
61260
59646
28621
65171
53558
67096
52305
35917
31269
41234
90504
49676
76519
13097
89264
1663
52802
69590
28342
93326
86823
55162
72852
80771
22349
77419
42848
80432
76097
13650
83561
54669
42777
43315
96284
54249
93411
62755
77382
87218
51323
23122
37613
60688
75332
13626
46657
68033
76153
26138
47343
82508
62711
28090
46139
59595
1302
19370
92966
88329
37747
84145
83532
38837
91401
91720
29059
43136
31904
87520
40166
16689
93675
45234
41334
49779
39460
63756
14256
54385
21384
91742
34140
51108
92516
85287
47426
59532
48875
65698
93016
9157
87305
58811
73093
50061
76072
11414
6701
92888
14255
95837
94855
97408
3089
37047
6975
71784
54138
2387
29159
51671
61780
9037
91423
11190
35164
47705
56392
38123
3861
29620
44125
95706
82505
51320
83628
71846
53651
97977
47954
27327
27693
16071
51645
5416
36402
80247
84812
43101
14818
34066
6672
82660
64604
10725
52564
80909
39871
19724
92843
16817
16115
4415
96026
20824
30902
4910
53733
92205
77801
91407
20651
76303
10499
21632
7242
20094
99016
98840
24323
71052
6287
78422
16069
86217
93292
70533
70737
4020
93022
36967
98919
94131
46726
60637
2087
69259
21906
58167
35392
37493
86571
50096
82272
56894
24549
45534
49661
83325
20731
76874
38779
21083
19105
2449
91553
69351
41474
21251
92711
22878
16747
22572
26737
46585
51789
23334
78168
37577
14151
67312
14426
19428
97121
75205
53354
37483
49523
53228
7141
47711
84229
75680
16145
9448
87000
79392
25719
22724
19714
87221
10602
65887
75513
69163
19291
58371
84198
12465
46599
70151
38198
65149
72480
15908
62456
33431
23624
52244
25232
84993
8377
26643
58018
77301
89698
22791
49483
43586
99924
97143
20261
77272
72574
61278
87822
75872
25046
58517
26368
20430
94789
76143
89765
27170
45833
75671
78968
52252
72675
73010
11281
50518
49140
81567
30682
39598
88854
46477
28623
58433
44190
265
97739
7386
92186
98009
48238
23461
6867
76438
34310
33750
99406
15547
7468
65433
17166
21878
25535
25004
95494
80982
75835
45221
83027
17449
64590
43545
66974
92390
42791
42105
91753
55348
55335
36480
11384
45738
9822
7966
65697
7480
36757
55362
91276
71342
97673
3877
47004
86765
67522
23991
62684
63889
31353
22770
21834
32268
21191
75465
8694
49588
31505
67266
19377
51570
72592
53121
48458
16190
29749
69096
75007
35809
80239
54074
36615
93835
98437
84755
40689
45720
79893
72404
97411
77364
44138
64546
95331
66861
96195
50
33887
78910
21452
12206
68501
39678
10455
711
96801
22778
42295
83209
11751
92618
32660
4573
4279
56099
47757
69241
31100
5327
95459
17687
29069
22155
17075
50267
2293
97872
15645
68445
52886
37790
6747
35221
57032
18004
13690
22180
35434
14263
57760
72042
24078
89917
87608
54506
31097
41358
21188
21348
86420
59534
92856
46884
2271
39275
6032
46084
73376
17175
88744
41335
70965
56807
86667
28818
9542
86874
60988
71851
22418
64069
34733
81422
29387
18890
92577
83975
77903
61870
98906
41347
61454
39884
32092
15389
92917
95593
64145
77000
4177
40603
47995
98392
93329
81509
61499
88979
44199
60883
83290
33403
83132
7653
52716
47003
12129
48945
72169
81019
60173
84973
55596
49933
70367
18093
78488
96120
7502
48675
52320
54533
5038
69233
98569
61310
44015
42808
7272
84716
80463
27565
47076
55064
58774
19018
75627
44392
21527
19402
96209
48315
58995
28186
72783
81605
94378
1069
67668
28604
93563
40075
75438
52059
90308
35185
54140
97953
56757
33104
60247
2619
15408
95448
27150
1002
76941
67038
91348
93287
35442
86195
54045
10881
52507
614
62624
48647
83947
72567
25259
56264
2727
37828
23458
96606
3994
52483
92513
84559
47774
7611
86714
18424
55310
25385
32620
46218
43333
43049
57620
73287
33275
23269
29569
55421
81105
14046
61541
68314
76466
3140
21546
19719
37909
46052
82527
42878
71731
96978
21135
40009
94359
4958
87817
46835
74445
1239
65646
72868
52638
58399
53980
7695
26616
51361
57105
59240
69301
97584
42178
35694
38706
91406
14007
10045
34977
1378
40726
17577
14457
53579
52920
9475
44961
58489
40779
13969
12317
26097
55470
22608
66236
87308
6805
62767
89609
92046
60922
98705
35088
71288
15936
93402
45805
86499
41663
744
75151
34032
35995
36261
47878
40148
98068
76393
25850
26116
40141
66806
13892
68359
13865
56271
5006
906
86569
16469
55776
2590
54934
54756
76515
47903
72910
1356
61934
25368
34698
65898
79864
8833
6740
12502
18316
22586
92723
38290
72254
26853
12130
58334
35886
20052
87595
44452
85810
7019
22909
67122
4829
90742
50277
83609
91547
58408
52915
64122
18398
34289
67737
19062
6938
63615
51429
82446
46668
93176
72333
44814
84924
3119
31007
18122
28319
55589
93831
37430
43764
52885
60698
33270
46864
62818
61645
81090
52336
68123
62513
48206
16270
32088
18755
327
77277
72619
2214
25259
81191
4008
13001
35940
17289
6315
38498
5499
36439
58154
98899
76595
7809
57186
90339
94651
51065
33330
17539
57308
72139
52216
29405
68070
84263
10440
44740
22953
51544
68793
28919
47151
36551
67978
18985
59207
25845
36851
35902
65487
47040
90388
36611
5287
79423
1377
74233
70258
62909
94316
92462
70687
41425
17946
97976
99647
37086
19010
60737
79238
42556
14393
95403
19896
21355
66522
76082
61547
15152
99305
82109
43475
89534
92889
90630
91867
43435
30886
53284
79837
99630
57988
1125
76884
25082
8264
96132
35813
93338
86875
21698
67670
93559
67809
38934
9238
89672
27752
48209
6793
50210
96067
87017
25705
23633
74952
29735
85256
91078
21112
1444
34290
18634
18364
3239
96179
87713
12178
21501
80629
25992
26002
5370
24024
55524
79661
79519
45281
92456
62235
78461
50997
29161
13442
81926
80095
45100
50173
58082
83632
88409
79788
34943
52475
87163
14270
10842
10529
81035
41555
53655
46270
47701
67321
1853
34831
93190
72776
77168
74824
74236
97959
86661
19034
40922
59370
37732
52522
78086
94870
64837
51388
44945
19877
67136
71921
50359
93665
37076
96019
70901
74727
37128
92254
78575
57
41944
41559
61956
65168
56516
37711
66025
39657
52210
88493
96408
64921
23940
75636
52363
41764
84344
19614
12081
44709
46990
31118
67972
94905
35741
53405
97806
93233
90391
86557
79070
65443
42951
12359
58170
65320
22511
52058
74679
64280
64559
90594
86505
1522
92426
92472
92341
74441
99237
16645
76394
53387
46243
72212
70744
83820
6661
75259
21455
37974
16732
71030
99911
98496
94619
85110
46645
89741
43272
31164
34470
35731
13162
85772
35035
27238
56244
32795
3825
6352
36733
67090
87698
87799
95084
61501
36745
44250
83842
64487
46381
66555
60759
16795
28394
749
21887
70341
84694
55029
36160
9810
78364
48326
98827
905
95329
48978
88036
50352
35197
91020
25459
46031
970
95774
43253
49351
72229
62532
16251
1356
66030
53682
2194
85551
84679
76021
42012
52264
95513
68912
49031
99194
28411
95299
96590
89745
79779
11859
82132
61532
98384
57899
29285
11575
51974
1961
28211
31679
39960
80525
96903
18818
18714
84922
30446
68008
65029
48917
48632
67382
7366
95531
1475
42643
73006
38780
