82625
16071
84308
88272
70366
28961
99895
37053
90450
10147
87435
77433
19203
47201
38852
31579
78847
6001
8155
87513
87655
48574
47389
10278
65962
54889
61222
76974
42653
50726
48343
27909
71813
31203
16348
73348
62573
59497
33701
65698
47697
42266
223
89947
57990
78269
66778
84796
7555
89523
41445
3091
17862
9475
6392
23878
54335
32959
19098
91846
14201
70886
32122
69131
70454
25909
30998
94780
94912
49697
83059
10321
30043
30293
21225
13781
24950
73130
45963
48204
3818
86306
44664
12005
33994
85730
66836
60643
60999
48845
17183
68668
44
72382
27454
31714
53098
4284
53358
94602
29230
56144
18819
9754
34669
77644
92065
43685
66832
83970
83485
62983
40732
3791
17109
82517
6132
98546
55459
47136
32396
8777
90337
55859
55876
26362
8249
48617
29635
1300
39031
64800
76473
42929
46623
94309
42915
44218
57557
41738
61050
30577
89083
38164
26975
88900
27808
33393
791
44485
54580
1262
18024
42617
89183
82674
88309
65596
59308
64047
90831
79701
74888
42846
58190
82345
95678
32148
81267
14759
89211
84223
58069
78293
46905
11335
29253
67247
86882
38832
435
25792
26966
83684
57392
19926
41272
45165
98384
91561
67459
72879
72266
98772
40569
38007
30177
13138
87820
34119
77044
28478
22380
54660
68663
79569
86529
32076
99637
65467
91328
30003
74796
40288
25180
51168
29752
495
94708
91908
16515
317
66789
58412
84716
9735
65625
72187
1081
61198
86419
98403
73788
98083
64599
26424
61602
35941
9405
33736
7586
482
98572
80877
10912
45947
50253
22364
76685
15794
14161
95942
50158
8913
99935
74112
89476
36911
22096
84753
67915
16873
71958
29474
42308
80175
81175
64858
14590
5708
19699
1246
84889
6998
65702
60940
56460
55625
69410
97915
19005
12076
80463
24699
74977
41169
1226
41050
4830
26043
56293
34653
9023
56517
23947
65456
85972
91041
92552
15244
12283
30112
95781
29658
82750
48657
6138
70481
52011
84554
12559
17164
37264
97113
65819
26215
86604
54352
41841
37852
33784
94891
18702
99216
65526
79934
84992
77701
52934
69754
20167
35643
34159
59544
84199
59313
88410
39768
75508
8914
21029
76806
91246
37497
46988
26961
38870
46067
99409
46289
30535
69872
72592
65562
92172
51687
46748
52470
57894
79773
82165
8674
73610
22400
43738
93420
66347
27110
15173
57104
16544
68618
20438
99598
9952
19705
84606
90442
38620
57159
666
20135
47503
25685
22600
73586
91331
52152
39140
31072
44514
17971
50201
17556
77148
31792
95389
92492
10316
95521
23968
98510
781
58979
43443
91570
64767
86001
55857
58697
69935
39987
69797
7536
40783
75589
66483
52210
55893
12472
41467
29491
89352
67220
93738
31193
99455
31205
25778
30485
76287
27326
56253
4535
80475
39840
66304
47594
27326
49338
17871
51392
21032
58870
40633
9647
2372
1041
77339
30203
48581
53540
24037
2099
66756
53823
46348
42032
96813
91231
93525
38223
65240
77763
37045
93174
81903
837
75254
18441
35293
80477
66220
94958
45958
13627
70635
5599
80043
57149
93661
16008
53571
95973
45415
17424
62858
74052
16128
88054
41723
12462
750
17701
67880
61944
84089
66261
16220
71553
91385
31428
23452
29614
61401
899
31428
93509
43221
2689
24412
86177
62603
93493
52072
87884
4639
52861
13745
44231
8982
69695
73717
6448
21430
23951
22822
99485
1522
45085
90692
81037
98
34247
87260
76357
2972
70555
22957
54585
9879
44528
35762
75445
13476
28205
1614
89945
69447
64177
4897
73975
51424
7062
79792
75291
86089
15292
47990
83716
14638
99421
21533
80094
5236
89883
9900
71975
41873
81827
21206
4026
57728
79217
20352
67690
64561
82024
38517
52581
95334
4197
14690
82138
94611
99036
21368
99043
54326
89893
97588
17992
14135
3174
6021
90826
28631
76805
13048
87189
50276
68406
12380
72720
55666
93924
95357
77780
20439
16036
11600
58073
9371
40689
6614
86674
77064
35680
78316
42677
73560
9560
31
89762
67878
96336
91567
35809
31395
13946
89272
74522
93657
81080
74303
50014
42332
78721
2411
27329
37864
88739
89274
43910
56213
10967
61283
13610
31785
70289
86875
94305
85736
50569
37325
41184
91705
53251
97499
63379
25643
85226
66015
78407
60653
41668
49445
94248
187
13776
16347
6732
58541
39443
66566
76185
39547
57377
74344
60836
18877
38686
18879
12332
89998
574
19647
23748
44077
86239
70076
67885
90118
49073
88167
92765
94471
92917
87868
38199
38863
90249
94947
38875
21554
66203
67225
48584
57669
64019
47127
11318
61665
15820
74825
8856
82892
2276
88245
4330
29897
9773
14837
39627
81090
55236
52871
77315
68599
69666
83884
39956
44663
12372
10866
54934
53065
28545
45506
41752
80297
70419
36645
77634
29080
57688
41644
47330
37789
22698
19540
53006
73634
56775
40057
64991
53730
10276
99941
44714
27008
30641
41002
58987
83661
59489
72540
84561
98691
80804
60910
93806
99994
46877
74754
32425
45140
2721
74397
18923
41786
33342
95788
49436
62016
54602
6864
56730
17128
73879
49504
67622
20768
60819
71060
8721
63734
64812
26023
27635
79251
56726
81684
3796
64794
40685
71843
5952
17668
11524
81433
72060
34778
89011
1665
37413
35358
37302
71471
59249
40376
10467
48674
70885
520
41192
11883
1648
71115
13216
68180
70969
30596
66763
57778
85644
77024
3254
5876
79186
97179
7476
26584
86681
12274
71229
72982
6732
35689
84331
12435
96005
42454
37869
87330
54332
41996
43079
48631
1821
78800
15079
44885
43887
17621
78876
73365
49673
47044
7058
27981
82563
52651
71670
22547
20116
43965
81037
18284
73358
67241
55320
27115
30212
51250
43719
37905
91170
93295
28031
64882
19114
10603
7689
59903
39183
72610
2516
32363
47182
93273
34091
5198
99885
6062
76442
84785
11052
26603
96713
13889
39900
47661
97135
60743
16907
31077
59755
36429
26536
79641
57830
5521
76427
34285
16170
79976
2944
616
19568
10470
6345
77113
92160
76165
48456
51429
7920
59339
19123
11409
10420
76529
99289
69081
28859
7431
80751
21487
95149
92966
37524
51149
16506
86129
35599
83591
40525
20240
50160
4376
8768
33287
1806
99422
89981
32380
13697
77075
28751
40893
11397
65440
52027
96328
26492
14040
42395
38645
13348
41446
97976
35218
93729
76869
37767
10600
57457
51294
36554
11952
66905
73834
40567
3281
29137
17427
34246
47399
75223
