3281153
9639299
8194808
5149917
7992154
1064225
8535229
7386469
8966100
8551875
8712552
9083967
8992597
8763826
5016751
3719866
4696894
8844221
1758331
6751398
6804041
9159650
6367646
403147
657354
709469
9127939
8690052
8125727
4147806
1025841
8605297
7092786
2478667
2539014
3614697
5833084
3174723
7862633
7181433
4166166
3528330
5813221
5058561
9243779
4420081
8630657
7723082
4002580
5044045
4890873
4516968
5302931
2054686
403292
1050532
5847649
9951506
220480
2041039
2617466
2984254
3920696
9383976
1904296
1862654
249903
2905414
2290384
6388353
3279744
2175696
6453257
4835454
9896278
3528947
1554264
7178540
8704744
4222757
4975913
2994146
2221878
6859559
1170802
8727041
3692446
2734998
1103982
353786
1335730
9505196
9856146
9086523
1303542
3786958
3302888
8137646
7134285
4496817
5833730
7422441
1418853
6828258
7944941
2130960
6658793
9406007
8063794
6375403
1728712
3347713
5142359
9259963
4124905
2012387
7186479
9195498
6586974
6376329
7287456
3143421
69919
3153678
5856493
6658055
5403003
1888464
5477232
7271798
5479553
5187816
6019036
4999924
147478
4609558
4049147
8376967
3280491
9093225
3860536
6174187
9876660
7679162
5373139
3404674
5957458
7512262
3607361
2488515
9870714
2877494
7446104
7542978
4236435
7036432
8172712
6736473
595725
1961674
2993718
8582740
2623907
1172751
9684465
63977
1963184
8121304
1667787
3792785
8194136
5431061
7555098
3901470
1489412
3811322
6807710
6244908
2058288
8254882
8731513
8529947
6613226
7599585
389782
2572968
1104398
1315614
102827
6698917
4436135
2588759
9428995
7325040
2668230
1706726
1293144
1505940
4043900
8837981
1829667
2759333
7882535
731061
2960183
834274
5329153
7610306
2068710
1183299
6833573
2722138
5795573
6158548
6220444
2669415
4549894
3090587
6604451
1890771
2681836
5645028
1991977
5048226
9607128
8288362
2557503
7271674
104765
508134
5813302
9480861
12681
3822367
7932811
8030009
807159
3326839
259704
4234749
7611885
4185992
8875565
2345520
9464263
2824912
1107587
9991828
6273517
4857634
4001465
3575414
4055481
3223184
3685372
7045918
9376935
6178691
6658052
5788087
7580919
906115
6579460
1721741
4717569
2995086
3851654
2716601
1554918
7146681
6496264
5244577
543375
2530489
6047518
6659875
130966
8825528
5019715
289141
2648678
3826787
536973
9675920
7335912
8334848
4875852
4585599
2095695
6768569
6619271
5234891
8951100
2987978
7745109
5659553
4844032
4171160
9722183
8905752
7787051
5058088
1913476
3646239
6602509
1628897
464422
7919718
9671033
2692757
6072395
6744276
5546596
1448882
8697223
4934817
6618410
9198692
4433512
2277649
3256615
4086179
7483239
3718954
1718707
4619300
1292744
803434
4717726
5317674
3767091
454830
3701970
2821742
3174431
890779
1795414
6072606
6518130
8198987
6032612
5892708
8421590
8357340
177455
2221838
6780187
6315449
3899638
1031685
3440355
9822451
1372796
8317395
5331575
6598388
4304139
3150216
8399168
3091563
40690
9710919
4090305
3768635
2948910
2886190
1338323
8441915
7253024
454942
2805614
753565
251449
4898646
6864405
9131374
5074511
3334284
6384298
843564
2893518
6524839
699596
3827896
5957226
762929
5232095
3758367
9264303
1371582
6064444
2479453
77540
2984720
2330122
432489
7139422
9435782
8476841
4056882
8750325
2201907
7883161
8018508
7348316
1654381
4543877
9648830
9670406
6115545
8453481
7267189
4223921
5876078
7256348
8763155
1629094
7290936
6982618
1544847
1054565
1258642
5544761
8014404
6054980
9492620
2741946
3202426
1594047
4016435
9165565
2792620
1177378
431962
3370965
9069050
6714640
3282538
885269
8497278
1722386
4097445
2658941
3391078
9855672
1587457
4099172
6572546
2621512
3278236
5177508
1239036
3043516
2665151
9836098
4584657
6329325
1486345
2186384
6980421
8405024
8205515
7446208
6848004
1724825
1942777
9523756
263042
1758804
3751149
6049510
3458671
7799722
7372996
1403162
8925089
9353874
9652614
6810982
3613591
4359349
5378102
9977518
3347595
9576987
9456152
8191795
8138428
8165456
8924405
3345917
868617
7384125
6673512
6772243
6833447
7347769
755823
3388136
7326541
8213771
5741854
9603533
8552760
7742807
2701547
8165603
5123360
8786561
5812709
5974720
2022816
7982285
2520285
3341595
4124201
1062510
1943971
2422300
4933844
1840120
4811092
7381397
6151972
2409566
2830816
4867241
9127975
5474273
8188053
4404435
9378124
1698573
6811433
45833
5564688
6754021
7872849
631543
913202
7587167
6380513
2365577
1573538
4643637
9157872
2689766
2872248
289498
9429880
8526012
2162801
4415214
225636
3556910
3252699
9598466
2383735
2078807
1356825
8533501
3055151
7311038
4836400
5265103
7665616
6510206
8990678
3200025
6780023
4669587
4317058
7567705
2272383
4183393
4607316
1613969
5800353
5605375
6027648
7170602
7903744
7416
1158731
8076766
5554312
4103319
7060541
8365086
1979810
6642637
2534709
2630439
3972389
9745831
1896389
6648372
8270075
606688
4465119
2445052
5784899
3141286
1363898
3131132
7696551
799261
5004658
9711232
2811329
9304646
6999256
5003179
2918520
4189937
640250
4350608
6193435
6058107
9136055
6272286
2148494
2063408
3019507
5516775
7043751
9749794
1948780
4428657
8610612
3767316
4197516
2899424
951854
4060214
834680
7361426
1391027
808859
5385839
6375436
6770155
6088406
1992388
6405892
9361743
674191
1468248
7390453
6319223
1114485
945248
4729539
6513721
8622394
4424803
1330758
7562970
268207
4990678
9511463
6783964
6262891
8108835
9102116
6333616
1226803
5373221
5912362
4643398
1255627
994017
8230397
7980439
7242202
6778235
425856
2765574
1974058
7022314
6554238
1716888
4809879
171773
3167443
7396281
9053283
6379660
9856474
3128756
6244135
259003
1070757
9331526
7084006
7427414
5025551
4219187
2363416
4356704
1402691
7517322
1215079
6418962
9605442
6795269
5234120
1210651
8704687
2868732
5939557
4289671
3973453
692463
5201343
7885781
3268800
1167359
9102252
7661316
5439931
9281858
2555830
4134674
5216053
6405134
7052770
4547049
8847668
8157044
9469376
7671914
9107216
29980
625243
5947053
1503364
6658703
1178199
6877202
198524
6009454
2965420
3707129
5799848
6604777
8030745
7198183
7984834
7652166
6298218
6056516
8552352
9402569
5307610
7681353
8871686
4555997
1865845
7621908
1281786
1340931
1112400
7936721
5912041
35595
6678456
1495406
3290500
4320115
1307478
524550
1814063
1743447
130973
1007971
7140632
1252387
4371554
244019
846324
9202303
3290730
5430824
9581346
1173873
4274703
160276
6634634
5678992
9252950
8134108
7915941
3688323
5040587
3173264
1438360
5196597
7729019
7889936
7408358
1535365
6237181
3737097
7538718
7411614
154323
965937
3773849
8276093
8246978
8006047
517599
2911348
6079727
4360191
7637996
7519920
9587357
722500
4039027
1797637
3927020
8482918
2691818
990153
3094291
43864
4718026
2125668
3923646
8760404
7614912
948405
2039141
1291842
2637136
571675
1460181
6252039
3255196
1693340
5279730
7912725
1849416
1500310
2143733
9404804
1087960
8727552
6294257
8669284
5678949
9873526
921758
4466355
6027139
4436159
4950058
5802006
1247783
1232196
7251410
4007547
257327
2092019
4483085
5805275
8454142
1413388
6729559
9366609
3703714
8110039
6713746
5252346
6129590
9656550
4597375
9380281
1139551
6591594
3894494
7956650
8648383
642488
1744974
1316785
2944457
9357444
7414539
4668401
8683529
7800789
5676360
5653884
7380493
3971847
2533496
7772585
1886741
1292646
5103371
2507002
1820145
3697160
3228538
6344011
4669948
7238914
6027270
5061101
6178822
5121086
8374885
1257884
6624171
8916177
6728711
925242
4993974
9351012
3005442
7314713
9324111
121851
3266567
6447459
2231731
4076338
6902090
5001478
7998265
4364224
1142119
835302
1027748
3192989
169301
2035954
1060603
9100920
8367188
3559987
8539013
5914270
8898470
8554882
6477066
6933919
9309138
4186624
8126856
5824722
9361464
7546147
2404005
5077381
4952421
8846504
7810910
664055
2226134
6945985
4652492
5779995
7192132
1717724
8461920
3120642
7866992
5562498
6151217
5392549
6589919
1056367
7468566
5050872
5138005
4587222
35822
3612789
4703807
1900635
468706
1132834
1932946
7303852
1553977
9130785
8353077
9013934
2287160
2705133
1724676
4260959
336240
2590408
7309385
9478455
