37650
81437
66892
24758
5398
11280
78721
45640
57707
598
49854
65583
41963
53868
47647
25778
68634
6153
75152
33333
15065
91844
31967
3495
41468
18802
50413
79886
19448
70999
35137
5942
14101
39755
19553
69242
93867
78504
64404
14962
59449
90898
56653
67867
38120
69464
48905
82590
84172
72886
43870
17887
48135
62837
14726
13246
20916
95642
26777
86490
3953
19338
13485
80894
18418
29657
67180
68279
49590
6305
3383
44831
89204
44621
36672
57729
10766
27565
54285
75995
23064
33540
1688
64751
35865
11453
16101
58480
34047
36756
91964
89661
64968
70623
59470
78342
2847
34784
76086
28676
61581
10328
51573
27608
77387
67785
93060
53751
71697
49997
77226
86608
85532
33551
47427
64976
33973
55375
60124
67797
50015
46443
94518
74938
28069
67951
51417
49168
76651
7392
24503
28739
13390
57886
66152
31557
6764
37920
59394
76125
10075
59072
48834
3265
34002
4334
40260
94333
15777
63742
48358
36920
59331
57461
6770
90427
17537
56901
8656
31288
25713
18322
8779
62753
15602
2297
93899
10943
3615
9269
27943
16682
61629
65230
48012
59291
98493
65570
74574
16269
32282
69631
97458
83143
53322
43264
34675
34866
21743
37701
22996
22956
86618
12539
32906
15153
75888
90510
77326
82766
22621
46315
83444
63054
75682
27893
89098
60685
39998
60870
80624
31510
39346
48787
25820
7406
4277
71163
111
74216
54917
2606
38428
2997
9296
90619
39922
56541
10645
23624
31680
87058
60398
77250
96804
64122
20322
6749
90293
7200
50857
11908
13131
93551
37894
45064
87001
4925
29752
29887
8415
46381
132
89774
54845
88729
26632
4799
1174
88621
27553
91910
54437
12356
34262
70783
18756
46085
32331
4685
81476
80719
98384
15699
15100
28337
16917
33335
11858
97931
85609
4203
11295
29909
69907
6440
47936
70913
42827
7535
29040
94840
78397
8057
16519
32980
47368
45040
36431
63404
32453
85061
42832
39596
28038
86841
46971
99081
62435
97274
58780
64505
9822
74110
81922
26325
77988
72557
21411
10229
68132
94054
73404
95387
45356
65408
11556
32204
87542
82711
3439
48428
97670
97136
61010
7806
93725
77565
85623
30111
10245
62554
13933
966
42961
95695
68286
96967
14537
84006
31851
19839
35881
31063
9157
16390
76194
59342
63843
85560
26424
40337
53371
13407
51402
68367
66040
81095
37092
10126
39838
40344
48909
36340
10040
72327
25938
61178
89094
40177
79053
10168
90237
34160
93182
50298
38803
86209
40083
71096
21990
62964
13122
81953
97568
69092
43924
20032
63384
94693
31735
94131
18167
78418
80744
76362
57366
11639
93147
5302
21776
66966
51212
79663
743
15195
90771
59367
80872
14311
83125
73665
95890
37108
99160
67598
54129
39519
48910
58924
32313
85687
30993
67283
962
88995
59670
13089
71307
54822
63150
97017
53898
19188
76246
90693
16638
83246
18054
92468
39156
72951
15826
80323
97471
63828
21624
40431
83860
35591
65812
71555
55110
29087
58633
74046
18676
20702
42603
99146
53485
83252
44373
96801
88595
54025
31225
14224
44154
97431
11370
63401
4459
53270
15254
39283
41873
93527
13495
82531
50644
49532
57550
56976
18505
10068
21746
23636
40693
49946
78845
24785
33358
41952
54272
77853
32659
88765
64509
8978
21990
74693
77641
41344
60996
22275
76268
1347
44632
57344
64723
62500
47947
97521
89637
44324
93037
39799
47787
83338
84827
56221
54353
53946
15286
33040
67604
98002
5954
67600
27879
16741
74028
76468
86112
30705
91784
6186
46647
47550
81119
46330
23894
72411
92919
71288
77797
62128
63496
6475
3806
4854
79295
15164
49464
90271
3283
90246
957
41211
87954
55243
69202
51720
32940
98047
74464
73038
64711
42424
198
10892
94742
44741
69204
58265
83492
14870
98128
9286
65778
26480
57967
64837
34676
76248
9449
26459
36041
12340
95877
50813
86625
76920
56165
63323
25481
33991
70224
85797
94369
44491
55645
33705
38610
49196
65902
7119
32953
3763
91705
40723
41161
18044
44814
37451
96673
76399
25935
77928
10915
96700
84052
20135
7553
62434
66293
98816
94630
38327
84528
85493
23001
63664
50845
92821
61556
26436
22933
33856
43661
19087
64941
75463
10132
17663
35803
42885
82710
16128
15801
67535
63813
75334
46829
73641
66050
11621
32823
79160
61825
97166
79152
34936
98323
40942
60009
36393
98809
4830
6689
48664
97917
31102
66611
51961
80792
4962
84396
76900
61471
25396
20396
34876
12316
46976
26115
44618
60230
85234
17095
23677
68370
80105
29246
52658
46071
96758
21309
26316
20963
21595
86317
85606
94010
75418
72289
47787
31233
3044
41178
60992
60015
85403
10729
58997
32910
15543
95323
77342
85318
45345
17390
55160
94148
13656
51914
40679
85179
33980
46022
79634
95304
14534
71696
23012
67642
57464
15297
74466
71888
29933
51765
61755
92854
82277
72500
45771
23277
26777
36677
57692
36374
96432
53314
47229
48200
97373
24446
8110
35888
95112
77762
70836
48174
91436
53686
55720
3606
54084
81718
78010
42135
36361
66031
24844
97009
13687
6134
59289
16313
78479
38555
23862
59544
41495
38664
74203
10855
3414
97106
16622
35644
5919
16454
46740
11289
70769
90898
10065
16591
99802
57261
79658
32490
95617
24528
2726
6737
69687
7018
62367
34042
78114
22353
40893
49016
38608
38366
33370
31757
45268
37981
82550
21305
37838
52836
94489
9313
35581
83430
7988
8803
30936
55211
16288
14185
79912
96458
8548
42567
90706
84168
98629
10972
53847
92997
22133
55583
94879
40676
65915
99068
86369
33223
55636
29521
62403
9249
77851
59089
92916
60983
54490
7889
24046
22685
7213
28300
88543
6967
70274
66211
69445
95766
91311
62107
66931
94252
40487
71957
97620
97933
51760
82112
99174
74466
13037
86166
29944
59424
26708
26715
24804
43366
13698
23843
37115
38265
50392
18742
77425
90456
20814
92542
74645
45099
46557
78095
29584
15874
71283
5730
81670
77424
92707
56109
74593
43716
75255
54818
10006
88450
11614
5830
63364
27449
70717
15772
87755
87998
97080
61491
25444
86331
36387
86702
96397
54385
69471
42943
57909
26433
19589
96716
28272
75702
40839
46600
89501
67132
31633
97969
27649
85198
33843
13491
37064
27371
12914
82681
9536
75960
26181
51955
54614
4123
69059
26873
71098
22235
20956
5400
25842
13062
51795
33416
96546
8485
11676
32510
45681
2642
28284
45647
42984
28667
6365
3128
81882
