70246
96839
42657
95704
44232
25217
23715
92783
77752
90710
24455
18053
57874
99300
95537
11373
49970
56039
25974
97806
99246
86364
23489
85751
81885
50765
15988
38848
13476
69762
10404
91416
55102
97933
78249
65586
38513
6204
83105
10208
51894
26941
55363
60110
54062
7661
86836
2953
31902
64743
19951
87874
36469
15719
90355
34824
684
51086
22768
12345
78513
91815
45695
19761
14251
12498
47221
9381
94476
49173
24623
72756
51823
57488
76487
66188
57715
56531
90604
9312
36296
5803
56872
35616
53316
4551
8338
62784
47435
97689
42644
58896
45290
278
88398
85520
25172
53182
62529
69834
89934
38287
82111
71864
8100
37385
6011
61904
59749
74388
21463
62499
74493
62668
198
22560
20456
39945
18842
43151
778
60180
88092
97107
54564
80510
96930
12505
80431
4733
78660
84953
81880
73466
79142
46118
13257
44886
68515
60168
91094
95654
17711
98544
83959
89515
4676
51727
5962
34488
2484
46104
85561
39342
80918
23210
36631
98108
64745
62786
14740
88213
38522
99599
62120
58897
22801
13379
87234
17814
6481
92183
22576
46024
98957
37586
84237
18955
60985
57800
92957
11055
13916
65484
76599
67176
54843
563
25248
87653
16707
70496
52998
37496
6481
96419
22951
44173
40850
95630
98117
21816
45779
1614
94705
29488
15739
97988
69203
76693
66054
28354
3734
87675
25467
52594
1550
60904
13169
99710
44528
97191
2527
96067
63663
43308
21125
26410
70945
65167
8870
20864
46947
80413
48122
3871
57671
448
23392
19757
56474
17746
50357
64403
5334
23902
75075
45549
2344
16128
55014
74835
95501
80826
17327
65429
79962
88927
98266
53582
79728
89034
13041
82174
49878
93107
15971
27972
78065
5318
47540
56856
45384
82217
11084
91767
20745
28515
93330
75187
64575
49586
39762
28868
13090
62454
99440
24099
58760
11367
38096
19696
7253
36783
28953
20868
93182
98711
93815
90015
45314
63854
35174
45938
59555
26939
78790
730
78284
59236
26383
11628
44981
78918
76154
58220
69084
48435
81867
77429
55660
14043
49355
17471
67556
76694
48084
29807
44886
35553
3535
68244
4105
88716
38017
16755
91425
6625
88695
92330
39263
85349
33169
28977
64668
57458
59516
43568
66912
47416
81532
26637
73833
3687
70348
91954
6216
84686
35691
21227
33093
21926
73281
17007
15016
4142
32071
72237
68476
13046
8103
26297
54292
16149
65445
18778
4289
57695
55949
36807
73835
75986
20566
20128
90611
65445
34020
77261
36074
62583
40374
13540
13799
20849
82611
17782
7132
9043
23061
80754
66953
71347
59122
88005
93856
86331
84078
19727
27508
44425
33394
5445
26268
21077
29181
5504
39590
98961
97054
43249
98763
41312
53407
31051
756
54349
13065
60025
37444
78704
39250
27748
88398
60890
85698
95789
50562
83522
16467
68894
87600
57269
30254
64255
82964
25569
10002
59808
40699
65232
68037
6542
25290
43067
57507
98065
40670
6718
65322
1445
14947
24701
34019
11649
5099
42170
93286
25660
25640
6951
34218
21526
65703
83184
36870
45043
86956
24276
6519
36844
40662
30057
65919
70930
75764
42982
48872
90002
17694
77127
43639
59437
89521
59887
15296
80826
25847
33640
96894
84350
47094
28813
311
16871
70693
69286
66109
40594
38373
17711
21480
91339
64230
31764
61172
25594
30530
80195
13213
48142
27568
11381
85336
78010
46276
82604
91660
53310
65491
52183
96968
55495
22981
6252
53917
86449
6976
61919
37922
93526
27673
74840
23499
85474
37467
93591
59666
41876
60470
53335
51780
11840
81948
78430
5409
77493
75663
74313
78767
31453
49935
35517
94954
77954
68872
14182
87382
14914
12747
20485
33617
9619
78347
8646
33535
9745
52866
16286
56651
10434
12108
72643
81058
94602
65897
28330
4861
33188
64630
23145
50865
91183
81844
51830
61968
34835
4521
83452
36886
61481
72814
20138
88297
52924
90523
99514
22485
12203
87591
14254
25903
65717
77821
27608
41318
69050
27057
93152
81320
38055
96950
32153
9208
86655
92514
74658
23115
70824
60419
58451
21671
98376
81234
1547
47648
18434
27686
45866
19324
94974
29619
85937
75690
27106
12231
23836
54537
83321
98618
11312
91990
41579
40647
51892
28418
50972
22477
21232
54271
70793
16750
63343
86069
47595
9569
49507
56222
46245
7554
46417
62528
59798
61257
56782
72988
1340
49145
44032
87419
80142
31882
83833
59294
96370
37745
99419
66113
13687
15362
31478
26188
92113
16015
17109
43842
71450
47984
71205
43915
57436
15580
87190
24889
70265
3894
73351
56754
12668
79278
55066
47812
60471
71396
27592
8406
10615
52512
4383
91959
62068
52356
9916
92812
87770
24085
68087
62591
33352
91527
68138
91759
85930
68184
32512
66525
33867
84460
66207
13455
65695
44846
142
96883
24848
32015
13608
74243
89802
47324
33916
4129
55638
99685
84071
55774
70860
30415
21818
24357
41460
49308
94649
31
78379
24744
51999
18231
57600
49909
84679
98646
63147
29782
918
90837
90716
96272
66645
92366
34702
79637
15518
27432
8730
58209
41215
88276
52222
67573
53505
41181
17740
8155
52892
40498
77879
36916
54320
11109
42123
65193
43283
1264
70417
25124
30142
17357
88371
35811
30972
13784
65307
70816
96251
70759
65690
34305
27147
30863
26435
14609
44985
72718
46664
80206
63675
27034
83667
57084
66396
94460
52025
31142
34789
74852
94608
33805
85344
10637
74542
77335
80459
74896
48768
27084
37201
65347
11942
1498
38847
98366
19760
8862
87413
36678
4807
58955
24778
579
61880
8701
29865
46480
71831
71010
24970
1759
39099
31748
35829
99616
12398
16424
12033
17130
59188
92144
40734
47199
20816
8574
47954
93982
67178
78847
11130
8076
41240
78815
97235
78722
60589
38242
45534
28781
66611
33890
55422
58824
82834
57795
42006
67354
39858
16153
14561
9260
30634
68875
37549
27391
92461
85154
14957
74790
26689
90607
1554
50508
36002
16367
24543
96683
1271
44869
92081
86752
33724
89738
51379
2646
3996
21020
23815
4788
90136
2665
61902
58345
24581
47996
19438
89730
64802
73563
95789
95030
13669
79257
25849
86741
37316
38889
14665
22298
66817
38400
22419
16358
86910
23156
50186
54113
32092
35973
20371
36107
86104
47648
54046
33838
34439
9938
91482
84119
92161
61539
91619
54662
20442
5648
91473
68619
71238
52355
49821
72286
9
12446
29830
61748
42663
17096
26152
44971
1925
89451
9060
27673
62288
