56001
20996
19544
48128
23607
90558
57579
12176
76999
47736
91465
63004
22892
2244
38406
37660
99897
70457
58815
65910
35072
91675
33058
49065
17064
18696
45719
97040
99532
1193
95338
24994
82035
60536
94780
9682
34448
54257
12452
758
50725
7227
78134
62697
67238
25811
54166
30603
27079
74768
25810
10558
53141
8815
68956
37826
64078
46388
23282
36358
76908
1397
93221
42343
28556
38506
91310
41384
74519
88905
58487
56869
48377
26460
90492
75436
46856
34772
31336
55987
51163
34714
81128
2352
74003
27446
227
82640
84379
65511
95154
70188
92003
81735
22920
72777
24053
98625
40197
66132
39701
94657
82030
84060
84071
48491
54436
94208
95942
26018
7200
8914
34038
46751
75213
79593
98571
49251
1398
59765
39857
45790
51271
59386
66351
25692
75260
89769
68629
37891
6806
72807
29567
88450
75065
9191
10197
32513
72095
86298
5171
51266
61190
96304
60524
5570
85673
95936
24105
58458
87272
26666
66535
6458
72255
99479
94254
18714
5965
13939
8129
62198
12732
61262
50367
52271
7585
484
41138
30086
24642
89297
26703
27620
31630
6199
78722
83474
8373
88163
82946
96199
20374
69266
93325
89095
52572
34833
48089
85543
21110
87608
99079
55435
63689
46376
83411
30027
82165
7497
44448
39285
20802
42252
32728
49063
98000
29007
39453
6556
86434
5680
33772
23691
53709
68
40555
76108
86301
39858
43992
90684
97093
42683
52418
84871
89944
10829
75389
6879
76909
2624
50117
16624
96935
68814
6982
49593
80335
92315
95721
57370
95846
37420
52188
18956
29670
98082
4330
76584
43740
9309
36663
82717
93707
96022
35013
75900
49426
3282
95979
19059
25436
97737
18225
66422
53918
7095
56281
22604
53800
82453
76818
80001
70158
88017
53560
68000
33757
63350
63853
78485
93130
10384
93775
70893
96332
97486
41661
96740
47947
94018
28133
57567
94316
99634
10614
36641
66285
39424
96350
66590
51483
6527
58777
59543
14911
88334
82623
97806
29342
8719
98123
85383
60482
8909
58942
42649
33295
13510
61154
88165
31761
12733
61558
17157
23110
27680
21684
76211
48533
32675
95603
94372
25246
57861
90180
36695
84168
44019
77810
67818
45247
53461
57575
74428
10047
6437
61103
85626
29108
29077
8575
18075
35113
42785
96172
36633
36702
87137
51665
31586
36287
83064
35807
53010
93920
8059
49350
68187
28999
95494
37202
65576
64538
87740
20889
77389
72009
68113
71183
82468
38471
55229
14796
72654
64488
39846
79038
51910
45418
27696
62341
65938
32151
42106
62043
83175
9033
20935
10351
46112
82253
2678
58037
28108
50746
19741
19285
9267
75152
20630
69339
40488
17269
26074
80786
23750
59321
19680
21393
30603
16129
48165
29154
59114
92899
39570
69723
97881
18787
30816
67057
36905
40616
69398
9961
49472
3635
78993
67370
3752
30753
34383
9595
78266
9890
27128
68582
14761
25568
10303
86116
75124
44769
999
84274
10467
17692
66933
49330
98971
98433
99710
97873
22063
79486
29840
62518
71164
40219
42085
61257
4835
33927
74355
20141
96463
16873
58841
56486
89199
70295
88576
75544
39583
74317
57552
13396
58357
20432
21517
58885
60376
36884
59615
31360
5275
9376
86971
93612
58630
87902
38765
78440
97025
90041
8290
27110
42272
1597
17493
47298
4731
20711
85793
68775
94632
84987
12610
82251
54884
46749
17135
64498
4388
41437
54658
85346
32683
40191
41480
45474
7660
60926
12682
95459
68519
79527
1546
14008
73318
22695
48036
31857
91559
16342
79519
27883
21161
31969
10228
23358
82955
35343
30449
88879
58722
62554
38479
71673
43101
2419
99430
14808
68457
8201
35477
81727
47984
42137
46433
72557
85226
43487
989
12850
52872
31467
19067
72704
34496
80119
92329
52590
92329
36086
6833
32515
83857
28918
20214
43662
52291
72131
79784
63767
18964
96517
92798
54916
5903
28823
75862
99124
64198
25421
33014
46469
39829
85846
86125
22546
89923
42444
53718
11175
31423
77984
20211
7536
5633
66663
46502
93501
86880
77372
47523
6244
70233
81303
90074
39724
14759
31758
64846
49527
51345
46289
44214
91171
7687
18854
70520
17473
81400
37808
17125
63478
1776
69210
73434
48627
69176
54284
24163
6397
50899
52510
11046
24212
73640
27818
66939
51683
23157
21852
99764
92357
57117
56342
79696
65061
68173
6062
67952
16261
87724
11869
97045
35130
31055
52549
24867
99995
12539
64154
95218
10753
30379
90120
75896
55407
96572
81608
67032
64045
10098
56662
63269
95142
89316
64877
23419
84272
79579
67368
11269
30203
22828
87900
24311
14443
5186
7699
94980
12235
41904
94832
19731
45184
89964
11420
58992
68114
41772
78934
51749
31036
42036
90721
52533
3037
38533
36505
5179
85726
19202
1770
79792
72769
44804
13862
27839
63419
61321
26831
31752
49869
97
98899
44680
61245
79791
69101
97912
90872
82484
11186
57431
48027
63660
81989
18897
25150
70058
73104
26701
2087
57714
34052
46873
91693
12174
64159
56566
42226
95418
15743
40287
57174
97736
29623
36653
39853
5541
76446
51423
4337
43811
67435
77144
39607
20405
4868
1040
80003
76906
26280
96296
77387
45731
7103
59301
46983
57341
47487
63183
30107
80806
31834
69676
53322
40060
97665
65193
63095
30171
33842
8469
38126
68331
26498
66058
71011
82855
32390
90101
5161
90302
93969
19516
92096
99356
34565
20179
65488
11649
85730
37754
1183
14935
65000
26131
53717
12796
46689
70735
76595
21879
35804
52159
62804
17637
99267
60939
58763
87871
37398
82635
6405
55953
5854
75048
64146
41912
46560
91067
70250
6841
7451
64999
45167
67172
83558
67781
95035
21480
60871
10478
7415
67248
864
24233
81323
34111
57530
79640
92347
91933
55308
51307
26438
36291
26715
51129
41440
92659
50555
70674
68182
24202
27077
64856
60686
35490
15149
78631
13566
41730
23067
31555
286
92492
42849
78432
98131
80908
47525
51153
57245
65212
64004
11579
9673
60202
45944
94367
92916
52537
70418
12277
42543
14395
97534
97075
12552
42166
38442
1895
37867
97335
7281
66592
51795
54873
272
98675
16417
22238
83442
28894
4918
86633
26348
57349
57607
3178
44661
87426
49968
71758
81631
83306
95979
30296
71387
72995
75660
46583
28754
5966
83298
56335
5312
53201
99592
1949
49220
10743
7611
69219
36314
94498
90769
74171
73954
10626
48131
9704
91797
64222
81538
11343
81964
28272
9793
31202
49355
7111
