80228
47902
65595
5832
72641
36989
94489
53281
81920
77561
40191
59066
72895
61766
19550
21726
5388
4014
62580
81762
29676
10445
46977
53430
865
77272
3746
32631
72831
83394
15226
89697
99160
48469
74568
56197
11830
9746
36640
56124
48154
70859
46779
7302
49146
6138
32652
60542
80883
55920
93990
49247
16781
48105
66162
81335
25648
14788
46170
49099
86042
56313
79391
84247
75546
74897
22284
76026
59446
94966
94145
42453
33921
82002
43594
30372
91195
57127
89137
55687
21743
24264
13438
65927
91489
45185
16344
4704
87988
16284
99394
24741
29985
73446
39591
17591
29886
7313
70689
46587
2407
29002
59478
96255
39221
21255
12414
92081
16510
65002
18818
88082
77515
59703
6969
19717
77528
7007
11934
44415
90417
3858
90068
18285
11386
1988
53545
13034
21138
34782
4142
25400
19492
60977
27431
90992
40619
30501
32463
95330
63236
26031
67614
15176
21480
26781
71509
28147
57143
78601
63499
66759
66080
96663
43511
70983
4071
78310
55873
46501
78826
30807
28064
77496
82211
28102
52775
1733
91120
92232
22510
16537
81924
28707
65972
94380
30800
6696
10511
51865
21781
8358
12121
22125
36616
69647
20698
70117
68039
27602
83893
41716
85080
7244
73035
89892
79496
72630
72383
53617
21400
43943
2754
68020
349
3229
59463
26516
63562
88496
62340
96833
2417
32726
48820
50719
50339
16276
44190
90138
76211
15911
4529
9674
99495
92854
43591
82915
85942
33772
33052
96927
25316
87246
92568
86960
4961
40853
34426
54618
46202
6753
66445
84437
72919
87772
29194
19673
65615
50223
32644
71972
92933
36043
56222
20186
45206
56998
14532
77384
42287
69148
35370
88537
63786
5639
65901
44482
22912
38369
63713
15055
86356
94241
71035
65266
78233
51655
19522
37537
62683
95040
99729
79137
28740
53496
12188
76587
39994
97132
17409
4182
97374
38805
66111
29277
19128
38006
11222
4731
10996
53649
40086
15475
90131
75771
60317
72685
97153
80422
34352
28511
6931
29855
56847
86521
75382
40793
7931
36908
46045
80498
68050
68915
94032
23059
57714
26733
67744
22197
80011
22849
24632
37926
79862
83056
76918
85740
64632
33008
56661
74731
58899
31969
46131
10308
25712
28807
70705
22440
87934
78239
98924
8464
35760
79081
84347
59165
5224
76406
23364
31218
40417
83270
25931
73671
13941
42518
17077
59513
78432
20023
75305
22109
6260
80735
35160
84332
17113
84073
52736
61257
77296
10109
83973
41101
45495
23897
43109
89006
90951
78875
34708
67621
56347
26541
51557
57447
2959
21582
71462
34777
38582
72177
8081
84109
97098
35398
16219
82719
51072
98986
58833
11328
58643
70150
88316
86255
34959
61778
88030
64026
79912
60448
80390
3616
11462
67942
84456
37105
61692
33772
50452
33586
6698
72100
92706
83384
92887
7946
71334
95211
33421
74063
93283
79706
83272
14570
22190
60336
2204
20145
66437
57843
64577
47227
54296
89930
83618
21826
94306
54261
15927
56176
49713
70429
96940
93516
82248
24575
33464
2740
93433
68816
73766
58144
52234
20721
88385
48954
77742
75440
89263
80801
39499
88372
70403
29858
43088
54840
49792
40008
93574
1096
15076
67840
24596
51640
47165
42830
17226
84329
13203
93971
10953
30750
27060
39600
21678
31179
70053
33847
67442
22418
16527
96147
63114
81246
52461
71612
50932
75275
86758
65736
2635
30995
97189
41374
11729
77314
27772
57153
18978
99361
94372
99146
60283
11084
32972
42192
37925
91019
3908
56755
52829
67230
70274
19144
67276
26521
39730
25110
85146
5786
17814
25405
16568
88905
80996
37981
79935
66665
5741
71560
71696
70332
64277
63325
62853
10765
30841
11828
93503
66098
95672
54457
28460
70494
27402
47196
34197
71418
51626
56198
6661
2089
18354
9544
93090
20273
69111
17644
61760
98939
86459
69121
56401
24193
64950
18275
93470
74137
10336
39152
15161
54024
9377
17702
67729
4988
44516
26496
57405
75636
1561
944
50258
8633
53810
27694
24035
86885
67186
53262
22044
58122
90969
26249
45262
90787
24838
93488
77678
13598
78689
567
83635
13988
92154
29648
26526
40761
78978
81946
70960
82385
43698
41673
88045
79457
35077
68988
37168
43656
57372
75555
93291
63944
29436
1367
59067
90583
90704
1914
75640
93805
4079
27831
79421
34852
82440
66170
95177
35568
40407
23616
89798
43509
26000
82615
57811
65074
6932
86937
15007
51313
1983
2198
81677
58240
82816
46804
2228
69310
70754
87408
78187
35176
93466
87979
26643
87591
37005
18323
75037
39906
2561
66179
45558
72082
15717
71995
28405
39349
86993
55471
44830
49006
8196
73255
60425
89299
1437
2191
41151
51582
81704
72986
53597
46417
97296
79356
51909
44951
65720
74964
89411
8326
87661
33368
28486
94956
66300
55692
25525
97667
33024
87671
88829
22720
34671
87637
20814
83720
80475
99058
51764
20039
4989
17521
18611
74537
90380
14505
68739
66686
99339
44760
67255
92437
12476
19706
99736
77376
84060
49230
24648
55900
18802
50574
82739
40225
98301
81448
19954
85370
95247
37408
64641
69897
92249
97830
22144
32197
51988
5832
62975
34347
45275
87210
74525
28495
11602
35019
77662
34074
63158
88717
88920
94049
49277
76925
72539
98009
26705
13211
86634
55546
52304
70689
90251
4071
87093
15267
80109
42989
70073
58538
96389
48538
32261
44315
66884
82777
41885
32567
32560
69601
29558
64229
58263
72635
58199
59009
3787
91256
20825
61102
30194
41617
68336
93445
80588
1135
40454
15004
92311
215
23845
14269
47999
54838
30519
73715
42632
58864
90807
42990
62955
26460
99742
56636
21901
84079
54471
92879
3418
92370
12109
7565
33723
70607
84230
46367
94082
61903
69404
74129
38755
65237
22759
3463
25423
32342
19166
37150
86712
68101
33263
95076
80714
95787
23255
36610
52705
30328
38379
17949
99037
75396
5332
13171
84362
82338
96271
72533
44654
79407
92590
71950
2445
8523
50547
78444
93787
11151
4988
73351
84740
76724
25265
23916
81461
13530
83771
65438
36606
33380
31165
42216
96296
6730
9174
97039
23562
11401
1355
78968
14177
53138
15955
93101
72545
43999
30932
54482
42841
63938
47990
73343
11199
29208
90458
61890
85296
11124
60160
21728
21334
61116
38536
93028
14165
10902
53424
62738
47368
82631
26300
63126
63625
73260
66641
55989
33916
15145
57900
95611
54468
63812
27452
69112
97669
18534
25609
26289
92744
81847
78420
38321
