28382
7470
32770
40246
57718
23871
67954
28886
63809
42629
84562
62232
48865
71639
49112
91427
71578
19022
6763
99383
32263
24879
75146
21147
5129
59379
17983
14311
90013
32217
64855
39762
80961
65663
45483
22735
94192
73822
22027
34167
97843
88769
63592
76953
863
35931
40195
18604
30558
51098
21580
78540
71995
54393
90776
81329
82575
65250
91084
85382
500
54152
16034
62931
80597
21995
84169
69127
61528
83187
53265
22215
35244
37295
88416
74474
72721
8999
287
94508
24884
29742
41418
44844
94711
91654
6585
36788
42688
86005
36704
40719
73364
17062
99152
82659
36143
18126
80008
1512
68041
74570
54248
23938
10790
15530
63482
71924
6149
74287
48743
96115
58053
47308
10623
49300
91186
88935
28602
17051
84775
50763
61108
1090
28095
46606
6002
3839
15828
8337
7796
62270
82345
10098
42527
31398
28225
13321
62470
16962
36512
84092
68500
2320
72973
98801
76411
55515
86240
58370
99827
36562
33844
32358
53962
92946
888
11789
88854
31572
13635
86449
6290
24722
38709
39250
72539
16133
41495
94730
79342
55522
74059
72343
44048
40942
75801
60822
26210
80208
69841
70179
52625
34389
97959
55634
56921
85773
42152
31071
1185
60739
8721
70382
30616
56840
8106
81132
48434
56479
41697
74456
99714
53468
20941
12533
26347
20754
79200
19503
9670
55176
87247
71629
97817
55164
68371
48653
13568
2991
19242
87794
84440
76185
33056
8681
18024
76321
46766
97213
5228
62136
91843
12588
53814
57658
62066
70289
30820
57241
99124
62291
21968
71739
45983
22406
88458
96677
31035
6298
39538
39696
84995
43897
67351
68445
99786
73646
49344
30866
91746
72089
19007
71784
2863
70969
11747
11031
64282
30744
48076
42521
12825
95626
12221
95949
88877
10074
62925
20004
50692
16175
192
28116
43434
7398
58241
48665
16344
99510
9942
92416
99492
9578
37742
26782
91061
82640
57409
10758
63642
36859
61513
66591
31336
61063
71245
55098
33976
13479
93
21310
57452
64281
28885
42669
17470
2346
15807
66225
39913
66852
65446
84374
66254
83942
82034
69138
65678
86533
85180
92485
56022
27038
87208
14446
85524
26184
38012
30527
6984
55732
14228
45607
32690
77038
7475
61694
5208
55997
79117
54644
25137
18760
27219
37119
25330
30352
6024
34849
1259
95555
28706
93759
1201
83578
67192
73791
6046
58038
69942
1235
78409
76717
72709
16592
14606
49203
82588
87996
8691
77080
15796
28387
75918
59389
72432
94346
34019
78213
44810
49574
28416
33625
5635
58784
53879
98379
72272
21812
54754
63745
99216
74091
23632
72840
27405
11077
34142
52680
12728
8368
91550
51096
36627
46450
63263
43077
94485
954
29975
42956
31430
60784
19134
31352
53036
57109
74955
39830
4292
20065
58377
6611
76198
87375
69448
58217
65837
24314
87665
82170
63000
89470
22456
66051
86193
37169
47019
55356
6305
81215
38190
41930
36811
58019
78536
46568
89114
39418
15781
93498
54250
8604
76859
8657
46345
80305
81015
85568
95065
43216
15067
28747
83127
29595
83817
58952
51987
32474
74855
39821
49430
4377
98427
97782
49128
1527
83512
46139
33063
63874
14194
44594
41004
87129
85699
35129
1587
77173
13057
9247
13616
3640
44178
2313
36416
11743
65751
97522
64021
73766
20804
85024
65962
36291
69340
86057
99557
39393
49548
52520
62624
81399
38496
56303
66510
76094
70181
1114
62285
25436
182
18927
87787
72210
71761
40410
49855
92864
48583
91356
37044
40958
64260
63938
27147
44719
46642
89166
66955
2047
5590
46150
51023
3247
93242
76433
90031
45100
39430
63757
9867
35110
8990
23047
97560
26397
69576
58041
20607
50553
40357
77969
5252
65177
4452
41329
90700
99230
39734
89512
52327
87827
2942
3498
12187
60914
96434
89470
31326
8322
48721
31590
71374
27806
51151
56477
66162
96476
26596
17817
14979
34102
47
8444
21986
57748
73396
54186
62932
35126
36355
28684
77539
41166
80019
51653
93132
368
21102
62057
9029
1161
12848
36493
86134
3189
11332
56009
29889
61316
74607
52044
67324
19681
42037
41979
57939
7028
6701
57518
26571
46423
73233
14988
55353
99249
60402
47591
81921
39780
48661
15629
62037
84136
68528
50934
26916
26680
60677
13852
48244
19300
59373
25946
77889
64925
46407
52117
11368
23245
21479
60557
55948
3148
2702
64093
28766
60176
3940
12130
82181
53691
82099
45156
60301
35935
55949
85824
11012
96737
17430
95992
88751
56213
42613
7076
35882
37710
57484
70240
23770
26770
89894
96786
55626
61868
17954
97369
67528
556
75888
31153
18808
37722
98900
73636
79094
74747
5000
16952
87038
43442
43350
21959
79383
17534
2776
12002
36258
99548
91852
74668
24110
58276
5623
9755
37418
68837
5561
61830
55205
57147
98666
15515
44590
42442
80253
62868
80368
32945
89910
43648
3423
87210
54136
37369
85747
37780
81901
85026
78632
46371
89738
89211
43290
55411
42073
48263
15450
73627
88056
6230
6942
20921
3238
39856
92392
274
89032
67718
31625
75801
66075
40072
33006
59968
88933
89906
71506
14066
12805
6354
87870
69936
85900
62611
29770
85109
86030
24019
64276
7259
40211
73100
98093
13060
33504
58921
73048
15205
28452
37389
38444
37049
71862
4135
79524
98173
65811
2723
3327
47474
38150
63231
8353
76411
66536
38730
22436
26858
67454
99665
62604
9519
62351
56794
5642
2953
74651
56298
51272
46966
18275
33100
6865
46936
76213
80543
40032
20062
21385
55408
18299
19951
5084
27457
93541
46454
16567
79523
2460
40384
9691
7051
6469
3674
44998
83531
59043
42820
69491
66477
61766
29275
91342
34501
63932
92308
20223
18428
40735
96830
99648
61140
53697
31846
12108
96472
69938
88502
22399
60025
51786
78597
19669
55966
67722
27627
45070
74752
67266
85280
89414
6939
45803
29618
2140
42748
97408
84449
13886
86637
99852
37597
98473
37181
52620
4000
2619
84356
60369
32942
98443
59584
2392
98928
94981
82870
34746
37459
28247
82479
24909
43847
70989
55570
44280
44001
41723
13829
81451
26823
20452
50015
95816
51918
7864
18458
50816
22498
4076
77673
42632
3295
78464
70885
57892
15662
3030
61268
81506
50293
35655
74859
84807
94442
66172
83201
7004
81151
62968
37041
84705
7746
9177
34678
85090
23729
59514
7482
58841
55239
68886
34641
41099
72555
44993
46815
41889
7767
76182
97821
47733
16955
80935
61735
25656
50280
