730575
6539993
6438262
1514437
6747757
4792625
3998433
8859801
656457
5226092
9371686
7794095
8584955
4663900
5607387
5325699
2175518
4434734
4427618
4420089
5322946
7142949
7018557
13200
5308898
2213105
4351573
1129661
864038
43111
3910988
7898618
4660843
5822526
1984670
5527188
8201799
9918468
5461965
2217686
2633613
2751439
1258850
830907
9747930
1401768
5393646
3985977
9726747
7259600
2765904
3056737
8745301
8711570
8582065
8450799
732786
6941272
317486
2138744
5685443
4564267
3434222
2153822
9414507
6676720
1572588
1623407
6090588
8831876
8450555
8579211
6929596
3512655
4281121
6906328
2311502
9127994
196863
6331158
2487769
8014094
1645758
8312522
2702281
4945862
4592909
7619193
4974949
8646722
5710285
3462503
9820954
940201
2653369
9349186
6705185
6834437
7776452
9597572
5810868
5392855
4588881
4823730
962572
8188162
434015
4012763
7296062
8006236
3213986
8068208
4716873
1006978
2932072
3148796
5778327
5975506
2496813
7870193
5012436
4833251
7867453
7067130
1611312
4882387
4704017
4665381
1266754
2376787
2389814
3366978
7716955
6000272
8014266
2581795
3088291
8214705
5518341
4633740
3333657
6893479
2497911
1002173
8850531
229729
700353
5581625
4197701
1945219
6768538
877524
4800329
6318571
395765
6717063
5187410
1853772
8324352
7492762
5178314
2339036
6643610
6407497
2722919
5392663
3535126
6270312
6378803
2635858
7575830
6712534
864353
1144097
8650548
8649920
467297
8494012
3880440
8118238
7215678
1590162
3108601
9970620
7894583
695550
9976892
14349
5715793
4607185
5139123
2009458
728967
8316489
7126778
9785393
4599470
1633730
9408760
5779363
5986624
8703760
4017250
5827230
8272658
7837370
3026831
6021472
1621052
3447367
819246
747614
453742
9653063
5015402
1552897
6780797
800705
2237206
524325
1943243
1897864
1437487
8767582
8941083
3102202
7258671
5460965
6157602
450614
8239229
272957
1807442
4561078
9729222
206253
8300933
221541
7824587
3972245
8595309
5302977
6761062
6049295
5108723
4932128
4204753
8737408
8108143
9208012
8689209
3090724
9229975
8042763
5172032
6376832
2707510
4990215
892487
7647603
3720077
8991825
4808056
7332474
209533
9953874
5924935
822464
7723807
8783493
2502165
1732540
397251
8693415
2858990
8713338
3229513
8963748
540187
4458023
9944148
2336540
1032158
1590768
1487062
430640
3907073
3303800
6348069
3420640
1617255
528600
3884392
4167798
3537159
5899017
2792904
1846069
7392376
8236255
2365795
740884
2970283
8104168
6021174
3334839
3042636
6348354
4912626
5513044
3681567
4201261
5946574
5639036
2248924
5096142
6535479
6522956
8321388
605045
6736696
2823777
8634334
2450628
3061481
3829999
5279247
4658707
823587
954912
759392
3268847
2829934
8373831
3909499
9942628
1866180
7827730
4132890
1665521
6280413
3523025
9778033
9124187
2010276
8815422
7677620
2596451
5906450
7034505
1989897
5703979
9015954
2842335
2505102
8521545
4165848
2058167
643683
5216746
8259828
9423373
2091367
4108063
8187440
2345327
1406055
3832222
9978626
5102263
381526
7672060
3806712
9280887
1569917
8117273
9963204
8354436
9198818
3347844
6640366
5232816
7630459
3761116
9400507
8296503
5445495
3478318
4527673
5626948
4302631
1003692
6021109
5393225
799632
6728705
3265990
3452794
9494125
4191836
20543
4633652
601866
1609680
8557432
6840141
8742134
3424045
5005886
8154462
4886016
3699692
6662888
9242386
3166136
2401326
6690675
9531833
6559865
4782495
6961704
9293164
7681927
1920606
2801810
8469817
8374713
8854783
3829804
6816884
4846421
9192639
3643900
7439353
9963890
92468
3811987
6352011
9268032
7800511
187862
8137163
3680077
71753
2120635
3072474
1801216
492300
1036773
4370046
4972623
1905944
1540109
4600192
800637
6733263
2802838
4348388
2230048
1428249
8059673
512440
8954050
7001833
5883618
6541203
4651966
9036257
9541831
2560270
8683678
9821064
3678360
3621902
6931225
2616463
5652655
4913335
7982096
9373775
3527580
1692065
2718230
3533147
5944907
364386
535469
2421517
3090950
922952
7929383
9363483
3642068
9331234
1421336
4541341
8011054
3226933
846554
9743867
7223715
2347431
9616077
414020
9422754
5796117
4950754
5276077
6521899
9964809
5900553
1738228
4613488
8479524
3451187
2562798
2059692
7806396
2649349
5314319
9222850
8904872
7693000
8626489
1312681
6376188
6600860
6529811
6300551
6232985
2610577
6999755
9629516
6305749
7151979
3464393
8235378
3771691
7025562
4443418
5501180
9522454
3018805
3494582
3100531
5109074
9714991
1670525
8781605
4639915
8397663
7409589
2860479
798555
4503563
6129504
724339
5074785
7246000
5432045
6727953
2819625
220227
8277921
5661769
5733516
5786981
2489927
5464208
5411528
4694662
2093739
9976523
3496554
3925047
2419303
8282863
2195378
9084107
9620905
2816987
8576397
6370235
6002725
3981635
4242521
7938186
9423694
7227580
570129
1713912
2390716
2251548
258833
7941070
1609409
195873
7192603
9895133
4637497
8352127
7617265
6603538
1771282
862329
7469331
865244
3976527
4511976
7736887
704436
4001505
801560
5361364
2395705
4134693
7798398
7454765
6365718
2197987
6985777
5278670
2954967
5521097
8696466
7840403
5183982
813927
5656404
1976593
209401
6982326
4052347
6691754
8048582
1143424
7918564
5654301
7264637
3232843
5541422
6742858
1266381
5731619
1311961
6351171
8280444
2232962
8513186
7348189
3380899
9747001
7863131
7528999
7396346
7954564
9654101
5601273
8665088
8733716
2491823
7768389
3209732
9909130
5924472
2164455
9964708
9526694
7563793
4486301
5442341
445118
7262394
3196686
2341434
6299814
3797430
7663681
5554085
8925436
8979372
6856841
4615181
6140491
7988138
5523312
576377
9176679
332077
3331626
593875
6644370
2104766
5995060
7274823
912349
1325259
7635449
7050525
5675660
5642122
8387619
2114011
7794137
6704298
7581277
496411
6479265
9450524
6231711
5442160
5947230
640744
971326
5141690
2968099
8396315
3872342
4216514
4642042
7245625
4859610
4264299
7676274
969725
4523746
1159182
1224900
7838887
6443730
3006869
7848716
2168949
2671171
6976541
9839090
3623486
8121009
5554023
1956189
1193866
692692
4056460
6830080
3062519
6008850
8533747
9143967
7449033
3896442
5213982
6330239
926471
1599679
9740436
4114038
3049983
8582911
348564
9993214
2627544
9665759
2037426
3604363
3209573
9997990
6773238
690069
6298561
7888673
1642797
9892650
9033466
4642992
2784600
4841887
2359292
3416740
208410
8061074
2895981
5279196
3047883
2811583
9439082
1957668
8930168
5772449
499180
42840
3907837
4780653
2976701
5403215
4528297
4868815
6700851
5520692
5788542
7366148
7211534
5285402
5884736
6218626
1721959
2827212
8229037
7777387
5184012
2527370
1331237
9393600
4991644
9886011
4856941
297033
4252893
6953258
2177663
2331461
3987250
9086244
6502652
8640456
9771360
9903587
7018081
6964813
6388469
8179075
5822608
7439128
1183743
8578795
430952
550653
8759865
6141394
6296227
7932535
9724847
1296511
9033422
5711459
7260452
3667021
8548347
3976568
1974525
9694249
3045846
7855343
3925109
3012167
9595583
636130
8637294
708091
8922022
5357544
5967872
277273
5723582
9697354
6697339
2876232
2646563
4625737
6156403
3617969
5173357
6317400
7865222
2944075
4363941
9204105
1741928
5017554
5501190
757376
528170
4597977
2934332
2668996
9005822
4529107
8064820
5600365
3008244
6668273
1685801
3338247
4695391
303105
7060272
4578804
5626863
6836306
3094925
9435910
9469201
4833913
4464366
218078
2282018
8456870
3730424
6224059
8500919
6320167
4403167
3556222
9056288
3875021
2999441
8589450
412212
1754690
9794919
1486604
2015353
2711136
8371636
1535863
7173249
4994265
1791657
9324266
8460309
282235
6449399
3543441
4670595
5655410
5289408
1963058
8624327
4408311
900430
3324384
5370216
1402585
9112289
595455
8065773
1637123
7821317
7329878
336402
2646072
9169125
558528
2215944
8949297
4198189
1234209
8898071
5632644
5716531
3383587
3341585
1409060
3946544
9159528
6723132
978638
7836481
4636955
6903979
8781563
1551644
2908390
1895062
1390917
3529881
3620627
810536
2975320
5753033
1731337
3726013
3789961
2276721
1323660
3993099
1164906
7276820
2732474
4882313
2604950
5939124
8713012
7589107
1305211
945070
9640073
89711
8664514
7436514
7883481
