6247456
914646
8680654
2362323
4413350
4495092
5010684
6553121
7906686
2469285
2260533
4975513
7850058
8062129
5199252
2874747
3823125
8320187
2674875
3404695
7133903
7848483
9713079
2080415
367770
9074545
8844673
3884447
4112234
1165994
210891
504685
8421274
4681412
8872776
8865890
3337629
1630283
401083
3190217
4460259
2582014
6426549
9219810
8540254
9291598
2548379
7730055
3002395
2014858
8483725
4012524
8549057
8334560
2887850
916880
1840258
4505887
4486264
4433845
7156352
7532342
9303424
4639730
1581559
2304079
8268355
8612752
845169
2143513
1996605
1746361
412537
6071140
7203890
9404454
8563672
4598507
8212309
6283790
4494742
1909852
9553197
6860623
6202294
2494853
8297412
1332078
4560597
6092048
8114348
9413013
3695537
1147887
5157451
1575105
9417307
660832
7628613
9934299
7098068
2746931
9071330
3995737
1512532
6662954
1069613
4435494
8570827
6464997
385032
9372433
8627266
5226006
5916206
9149772
811816
2438026
6646002
4142457
9123133
6315159
2452702
629260
8009869
4624799
4671358
7278314
8606178
9813051
5939828
5312529
6024206
4901988
8727830
3864256
8772079
2746979
4399611
2213126
763049
1607231
6036087
3448117
6444745
1441664
364596
7424369
7204261
902726
8663683
7427953
7023325
8067759
3309072
8325868
8428775
1760785
3142489
9220191
3194387
9545578
8807691
3028175
1123380
1323421
7312011
6931657
1905920
1094816
5616498
256128
9050530
9368770
2512787
5971518
2943349
971087
9526685
6733492
3147867
7499800
8517468
1164972
788386
9898623
4731824
2159686
9696469
1707981
35114
6049760
3266090
6267358
4482254
6090251
9464987
663486
453030
7022894
4330138
8577857
979789
2562410
763927
5785255
8791331
1975125
4216218
2956145
5858479
2419436
2712991
5241128
9017647
4230926
6861967
2126812
8253125
9282247
5506982
7860897
7447129
4344698
7465192
9038075
8965985
3379291
1458992
6485768
2347792
9957053
9814767
2901040
1920030
7151800
3388942
4079183
4381135
7108098
8124289
3612580
1743053
6435410
9622876
1788521
2886784
8782019
2800793
1876101
2457167
1506607
4709482
3059135
9233381
9364377
2872822
1568600
6002528
8871138
3952357
3542992
1054392
2720732
7119335
5568316
6526411
5415341
1273016
8700899
5490833
3441834
3270748
145598
7556504
3708965
2408444
1464216
8012879
4201879
5946868
1304562
6989814
2230631
4378324
1580714
1197022
7176348
8864018
7308660
6613368
7877750
673543
2846132
5591127
283283
729471
6708951
945320
2464107
3008236
2325974
3926372
3471372
140149
9304098
5703125
8077303
6643791
2935290
2964314
2219651
8751912
695359
7285296
9056074
8943938
4622502
4690643
3551463
6163006
4014111
3094425
6741942
8864934
6842132
3177696
9697642
6913514
1364861
6298301
9605369
7819534
5334326
7874917
6806820
3180586
8255208
4100134
5524735
4005811
9812567
1060303
4796552
6088565
3553366
9863357
7355256
8916764
4215597
5586165
1569941
3614427
9328782
6770588
3653138
1192531
364842
8169821
1419347
2559491
5126538
7798088
9029956
8231131
7346050
7694840
1671501
5746343
977699
5343128
3192999
8839740
6107060
7479570
3449429
3782072
9261398
8926038
1045588
8858683
3514137
4266749
6230358
846386
4829364
6621455
8605443
2302321
508387
6345708
3822469
77567
2604582
1317130
1753425
2139907
4190655
3284152
6876802
2534531
4288729
4316841
4502574
335543
1958163
3509766
2082149
3987306
6994087
1523428
1092952
4230246
6291795
4503003
1898049
8107551
5687301
3840427
9652636
8667146
8506964
3484802
2314412
9229475
8620206
4417227
3853101
7363045
7213847
136108
6600173
5075424
4796467
4706227
5942288
5563399
6920705
1550772
1964897
365966
8194552
9905370
2443617
7479340
7937207
1716470
6061931
4538002
3222056
8375610
3787763
2155143
7264615
1980115
2606521
4652258
6840983
757068
9722760
4630203
3267798
4625257
2139441
3653060
9603097
2066021
5413551
1921354
7215207
9871417
5648316
5036008
2600015
5523352
6229109
401561
1371530
5099164
5886312
8813337
1607570
248912
6604224
2018821
4096363
3176688
5927466
5043050
6196037
7541077
5012180
4196736
7029256
4884256
1692627
8853318
1371449
3940009
6612166
3863657
2854281
426355
7852350
6486254
1135406
5390955
4069118
2441357
3648115
1262125
1532688
1827718
4436600
3870858
133113
7574344
8378772
8081922
6924160
7987
8632253
6709532
4401048
3619543
106240
5716891
6626595
8764122
6136617
3981138
7046710
7593080
4608435
2862112
6006919
9410955
3490887
4521093
6567091
4235733
2948698
4781820
3999543
6427416
5161842
1711822
8327834
3805932
8560021
4670013
7391282
2007534
5009429
2461871
6506715
9797590
2345822
6676558
3102565
1589099
539346
8091232
3638970
6513413
6868619
4573428
2987641
4622794
6309183
4436518
5331777
3177878
943510
2890385
4055362
839078
3326791
5706292
4102508
7515972
2034427
1785080
1191320
9948262
6278423
7176769
9160759
7100085
3062700
7034166
1131088
4469613
168666
5618575
9532702
5698025
3371528
4525854
7950428
9548118
4863462
2576072
2091647
1125995
9329210
3182956
9539277
7028325
5567747
7081518
9911894
5032786
8977068
6261861
7468750
3620843
4984133
5931011
4876802
3216071
8280058
720599
9940862
2298240
2275743
3011367
559852
3578
8737332
8815136
6514760
6097967
2941847
1788843
8233872
2355145
8944008
6214842
8666613
2670167
6583302
8367525
7828776
7785976
4040123
2777579
1170823
5842110
6495391
5441487
1843889
253997
4083578
417279
5067332
7184401
9089802
4556786
3019057
6378746
180203
7638001
2896869
6317059
5629348
720596
2488248
7023873
6829036
4256891
4920785
9778955
383931
9649759
6616473
4581742
6511514
5030725
422246
7734036
3613356
2309427
7418598
3755481
5480021
1075341
7853605
7331452
7813132
6844628
8414902
2035038
5445385
4253195
8698550
2773060
291894
2694027
3751763
2682015
7332793
2583498
9822451
9463008
2486562
7538071
3728179
7879218
4408622
947911
9531529
4455260
4800689
8296633
3968817
1475600
4460795
1265367
6673033
8126178
6370897
4082875
1314875
6459038
984837
667508
4662788
1271726
41421
5988843
5185777
1608805
1239429
4495030
8274257
1968262
7103237
9673150
3935443
3417635
7476176
8965733
8788
9906991
7761031
2205127
7409481
1443520
5183567
9897385
761085
3989592
6623388
4944364
5973902
3733115
9935730
436917
1570110
8328920
4289587
191781
4435910
5745171
5062391
1608828
7578887
5380993
8767327
1041186
2699664
999549
5595824
9606708
4125985
8673109
6904269
4311904
9161039
5814641
2542802
9188752
2488020
3695351
899346
1711284
9426456
6296284
3823302
6954750
2334111
6116389
2098238
2587419
6925889
9140953
38794
1122283
455007
7824268
6333090
1034909
8296884
1400686
684129
5945109
5040447
6455700
6803013
9074485
2443347
4016550
3349977
2142576
3662659
5576831
4864309
4016681
8624134
2817533
9622267
8428887
2559217
9800122
212687
2282517
1717041
2365893
3936912
1979132
6252144
1870289
4504028
8639397
8068364
3792753
4144912
3608471
8585732
790345
2442785
5289571
5450079
7828583
9380928
9744427
2629311
8383510
9294632
3633644
1949317
9171515
7304913
98678
3735478
7974818
2229664
9511106
6730018
9820241
6554351
2835198
6887006
9411298
8606118
8624191
2067111
9150987
148346
8421563
9280081
1866741
370200
6188341
7344826
5077409
5641654
3177153
7494940
1226401
3552115
8840894
2919725
4858631
7674012
774348
2627271
3320294
5916662
9894493
347713
1267029
2663315
9893273
9258758
9095370
7417671
3650200
2556984
7974395
5025651
2127698
1144534
5301440
1201474
433215
5818479
7108609
5100685
7331770
9678835
4536690
4065615
3491798
4405890
4277096
5769345
3007554
5644756
8557553
4289404
8860503
6178680
1009358
150122
6609606
8048162
4208210
5642744
1888492
7421580
1446899
6194493
3451031
1701095
4743990
534812
5609825
6043207
9348181
3066385
6037522
5773450
8235705
5199809
6878589
1304283
7020318
5776756
4815490
897822
2231857
8759017
2572224
9961988
4497155
1071514
3627748
7580977
6555234
6901443
3775052
3593458
9694867
1505514
6317527
8345663
9983698
9328053
6102212
4579733
2078012
1278928
297913
2017075
6513577
7651672
4341660
1412815
2422781
3838194
3134925
5242020
6958051
7520118
3433054
8501202
4174678
7279641
5774098
1445908
1628154
863083
6001833
8930053
118750
7062786
8435727
3924141
8922926
3479142
8820401
8294605
7290277
5906831
6068802
8449178
7233273
3615281
3738081
326601
7890261
5679672
6662493
3641209
7589036
3125070
3592938
6652437
1555769
564771
1432231
4189015
6787801
5579076
5608728
6998783
8989707
1500620
5226958
1047061
4217400
6056541
684971
6366613
2076896
7970334
1816685
2169305
6389348
5822274
8832362
7095785
6728232
9321863
5787711
7572747
6141328
9473924
2671501
4356780
5833080
1013849
2756633
2917819
8097773
3152895
3786008
1023128
1615361
8252894
1419760
181290
1550983
413103
5081419
6860287
2868252
5903880
4074954
2830191
1395716
5256812
2626273
9878027
4941625
7492217
5554203
7996301
4551149
869893
9257726
14186
777270
8574676
285038
6834089
2202131
1830163
7679171
3606245
6290759
445052
1494092
6851913
2008113
9281692
1796213
2853643
2155668
5136023
7158737
3738949
4129854
3986916
1232965
474073
9903426
4410815
7561736
282604
6273121
8272004
4643748
5701803
8654376
2727508
5383335
401731
6564538
9389731
1664610
3086575
838688
3371504
4122067
7573735
7269311
4846595
2757971
904223
2428152
814094
5806589
2348451
5564433
6905109
9528982
6729271
4190632
1548827
7504227
4733163
5803159
890332
6235983
4614410
122848
9055673
1738566
341025
3408732
2148804
8791394
5813523
2165481
9950062
2218899
476140
9907124
8134899
3334024
3974627
9102458
4536327
2949407
8182745
2768733
4744113
7536231
6541361
1829913
1856576
3336446
7911000
2509820
7568555
4618140
4177018
9397508
8345268
5972008
4997818
475293
4553608
7548652
6927754
3215190
7435933
9347124
2513165
2056996
202777
8646935
1264779
7475226
8469667
9182839
5613372
4902418
8715437
3195822
7743471
8699731
4093091
1458017
6196975
429724
8325107
4259635
2203301
4213376
6317325
4613216
2186268
7405894
836519
5610407
9341681
4162346
4780047
4141591
8707747
5121025
5740306
179894
7092286
1061705
976248
827168
6529401
8363781
8818043
4803889
3143790
4417299
5434023
7882074
7781099
7613287
1388716
6215269
5673230
9391348
3368341
7848204
1817749
549730
7353647
6596142
8708449
7509486
1425164
9157065
9967689
4782549
8788813
5288298
1842127
8207151
1437032
2557407
4661764
4560162
858517
8164212
5733253
7316904
4366937
5339772
8044338
4992040
6287413
3788676
6897710
5954530
8053316
1555913
6036492
4043913
5965690
3789567
2457327
68061
2472807
8362479
2967032
194874
4898799
368717
1119641
6699531
4411748
367240
4763610
1668139
9791974
9391321
2352834
1558230
3937295
7753606
3495969
2321997
4739921
5523204
2925205
339403
4254340
5607458
5142255
7729941
570196
728346
1685835
2236364
2607963
2962983
9546268
2893359
3273190
8601318
3201582
6325206
9862423
5871250
8867881
5738613
4226028
8115658
9446427
6665363
8146950
2435065
1433032
9253924
335396
4342458
5334296
2150104
7391774
7766649
1300997
9644798
9311554
6443448
7793203
6544240
1242718
346004
1527532
5341344
4570821
4631623
6203139
2421931
5750429
853070
4144754
6130788
8061616
7019931
3327682
9866171
7659686
8306143
3263890
5789212
9674448
3748450
1678478
3333904
8527032
2952361
8380569
9400253
3799331
2426794
2261570
3894280
7752174
4463943
77322
7138835
7792065
3412279
7996447
2244395
4842235
6116948
6522053
4411631
6960545
8944391
9923196
3404185
4299083
6851479
1590211
9304525
6882046
6109194
6426938
2728595
551173
3129370
6667481
5205245
8573739
8776586
7677041
3269199
4993337
1314984
6416579
5248185
6859569
6862862
640549
8480618
990546
4731766
7897153
3214779
6548663
5759287
2715461
1185144
9854049
8681123
8332585
3101241
8405390
5549786
3389011
7749743
5783248
8515006
6134986
7825526
893430
3757473
9893276
2540621
5792033
2933343
3487337
9962780
3285057
2326433
3699484
8525181
2308642
8558561
6981840
5009884
2963482
3187409
8581852
423199
147600
8897933
573208
1746435
6262882
5892935
9427219
9753520
1251484
2727097
5992525
2131639
4328417
7576954
5595053
670795
4488048
7899012
2280012
6346315
3707488
8784204
3275544
1331530
7396518
9150007
9645438
4315480
5191963
3365162
8413320
9922016
8686053
2448877
4468260
1172272
7251777
4696099
4572840
7536946
7617729
5838864
4613995
8516337
1867109
8858757
4336263
4419693
4154974
1475783
8634954
9447758
2009611
1346201
106419
6639234
2993490
3253349
1333558
3932745
8908756
3192253
9889551
9517456
7572726
5661886
8708517
6189982
742959
3012216
8076205
6903305
523191
3480952
2149057
2101529
1302684
7592728
2719699
1280572
1194199
3524927
7785541
8093490
7209305
6084881
8366470
96251
6215124
8523055
6655664
526591
7161109
7167880
6670779
5028473
3422057
9261487
3089636
7817322
9085942
2899685
616114
4000820
8037838
724636
682887
4789565
6442040
7795269
3561725
5203663
1463194
8168417
5079537
9613190
8206672
9588178
6175301
9159142
8195756
3882129
915584
1095313
9385138
885203
623659
622176
815952
3753097
4050801
6907936
8531022
8661096
8404229
9299283
1994386
3894927
9424522
1792082
9636169
9296866
7506504
1700510
5141319
796832
439836
8131983
7291978
5920656
9787018
1120414
6990424
1359310
6655141
2018515
3482351
4418965
9702247
3599393
5926399
3424522
9184589
2816955
5939353
5199760
8514111
4162161
5963973
3892941
1974064
461544
7572522
3287404
8523317
2260971
7804052
9168697
8295924
5674217
4627764
1103933
3183556
3366140
4069930
8681405
5161044
5730424
1357573
4834882
7277899
1307711
845138
9648826
5485820
1486156
9978119
2938324
3827369
9411983
6346090
9636537
1886635
3908303
1612771
2711768
9593541
4053035
5558022
6526906
9144853
4832599
7475535
6775339
2896280
6360276
4957315
6311211
1118913
9490089
7002864
683355
7932558
5924874
5511433
3652832
9207630
7898939
7811165
5238743
9392449
1797494
2246590
7099670
9278507
1080669
1517830
3077911
7948155
1796079
8709564
7896586
7127542
7436177
3972059
6996236
5172005
8327512
1547198
7322139
1618765
6913474
6323281
6149679
9805283
737295
2285172
2157286
5281575
3830671
2404130
8133958
3364112
8094410
3632828
1133627
7449995
3396479
5755750
7720929
5790387
2587288
5697657
6631599
2401777
5446047
8369967
87493
9077318
7656581
7246113
8606339
3534344
2962407
5354833
4769250
7684314
4701875
3831005
9303189
2400381
7056774
5635831
42501
8834545
736305
1092643
4816498
8348637
4681810
2643493
1505664
3098125
5369728
1423517
6154405
6386949
6596740
2704286
2143593
2377731
9514130
7973339
9708719
1648976
1660356
4461623
1556029
7838190
5901499
3773245
6402424
7955290
2319263
5308206
9749268
6298758
1795248
843810
8570569
8660478
6443185
7799344
4552806
6240769
6192837
6309370
3531565
6510555
291632
590136
5193416
547493
6375704
4508459
5266040
6552228
5704110
6695197
1650228
9766711
54319
1538161
4537370
393331
8249897
7094017
2891090
5794062
4087375
6361939
8285965
114808
3424358
6568368
2041228
5807968
8740895
3396744
5794394
5761200
3713549
9331988
1310897
168349
2757574
9104944
5736274
3562419
60472
436615
6600
8074463
3194100
9082265
9404676
2713908
4474834
8682102
3121043
6701519
1145584
271234
5349783
4899240
9438133
8321109
6066253
6608228
8451178
7487534
5863651
5287030
5565688
2894177
7706919
2519858
8473703
3855751
8977847
5552588
6578267
8182002
4974795
4450763
7162121
2718641
4018733
697894
3469680
8550074
9547225
4955982
6245977
3893758
4640266
3447281
8253232
1586028
6315623
2654040
413278
9300169
1217122
6525696
8816853
6003457
9984456
9492651
7620401
9000172
1425875
8819480
8813468
9864191
7618704
9169172
5866472
8799315
7606614
4462642
602342
4247279
7013541
1789437
1448832
1291052
4815730
6533465
5451114
8561956
5783583
9545892
2511564
5506072
6698951
5132797
2918560
3133258
2072414
3783003
925416
5852051
5678048
8514442
8024214
213133
6814082
5527083
9714290
1276347
2341859
4397477
9469544
2412184
8814410
3335178
326569
1101677
1384774
3730048
6540196
3183592
4687761
2065879
8709624
2352434
9230962
5187096
1433400
5768954
6120346
5754482
2829578
5668299
8175216
6324451
8350193
2436424
7691114
9053642
3060537
3276418
8319453
4654130
1298874
5125402
7337375
1339413
7800944
8363874
6882571
7895812
2631929
5882207
2447070
4583776
3060704
7662774
8519788
1458066
3947715
4966106
87167
3927116
4873582
4740334
6259699
8442167
3969169
593956
7880645
4651469
284016
5955953
9420563
1492911
898366
6525703
1246290
1607553
4347246
703188
3758642
1740883
7986727
1407838
3419653
9819964
4960104
8704620
4639775
7545459
5540518
9899983
1628487
7783798
7892240
5969491
9178831
6877235
9311291
8345426
56685
4099061
6323526
8929462
3968970
3428162
7111389
8316086
3981933
1117110
7893166
8006619
2372296
8679324
5080802
1545599
2517488
8959054
6007950
798420
8382024
8280997
597711
9987223
9466490
5713562
9640326
2505485
7646919
216787
8750343
4537298
8304283
7022197
4836202
2621814
8517979
1381093
1674742
6012763
4242005
653949
4646488
1484858
345640
5717867
8289859
9955019
9879473
230140
627003
4134633
7278167
6693326
3789731
8739731
7579355
9102975
62634
7548156
1774913
8085048
3767672
6468472
1012864
4119306
8968511
770768
7347933
8251028
104563
1113218
225601
2479029
262851
4916777
7804659
2459898
1186817
429825
1297876
4767493
9697513
813673
6921895
8730409
3434204
5342315
6508182
6016608
7357424
1344004
7926392
1294331
6853139
6829974
1909491
3354996
8755788
7816575
6346851
9695717
5941769
32488
9911602
3987280
9949894
441476
7086172
5176099
2393119
3334844
3997589
4308029
2671628
2437809
9603014
8348002
7445267
2205759
7283370
32891
5619943
2556697
6467451
4157544
7162212
4914668
5577677
7397971
8069668
5643727
9254552
8777255
1072804
1739325
1648478
424965
827068
2519907
3560123
1184127
3609260
9970350
4573875
9964226
8248499
856021
3689056
1153903
3348694
2278281
5299639
430042
1457234
8078341
9222396
4242314
8282387
8955561
2885982
3922447
1026326
2804277
6278598
3154527
837705
249965
1834923
8957976
688057
9614594
275491
7876593
9106295
4341018
8469088
5274541
5111091
1045390
2835531
5757756
3680141
75252
8800286
2134635
87782
9821361
1673454
8234765
480110
7550243
4220106
8003644
8856896
1549193
192558
4749610
1129806
8770505
3674429
9638597
6009410
5340821
3914210
8402417
2134485
7989021
5738589
4017300
2650435
5955297
2603799
6704313
3286793
3110926
1889306
3129114
1573141
704405
1537764
7186769
5451791
6370477
4167424
7424216
2843448
6533682
4833973
3371674
5950606
9987555
5787540
7841203
6315914
568866
3648458
9489345
6693355
9364409
887801
9731859
5448827
8365919
9529456
3011375
4114389
6559849
4144721
5465091
2494524
9711700
2368678
5985644
3063703
8630423
2775539
966593
3620006
3226126
7944222
6215583
4696532
9451615
436198
1125629
4986011
9703010
2049428
8282254
2098859
5975062
4607070
982938
591238
2907204
3922417
8019443
192441
6623182
1733141
5798306
9895818
6943005
1773574
5562097
4423508
8550851
8373046
1190661
9296096
2888791
6619223
7822854
1154452
98957
4915751
1206788
7198135
2285731
6498300
9508746
2301399
7065507
3179180
3221571
3783814
6140601
732499
7556915
4287205
2223452
9704246
9364760
3853115
6235536
8383587
3693060
3559398
7797223
1643394
3479128
1097136
5851852
4091818
8433977
3183064
7051283
5933337
5010740
7391970
5302193
6481068
3424923
1560760
3741220
4577998
9291148
4164115
9731508
4663834
9210696
3280063
851437
4501399
9451734
4843580
9331407
7536376
8375959
2540457
5047688
2938393
5110846
3917208
7245701
5023771
7183692
616541
5607967
5754690
8880262
7261990
1947058
5156505
5165927
9824003
4260129
6967371
8830922
1983231
5298232
7653490
9864520
223152
681783
1870218
1345404
1482969
6164910
5942438
6200161
6637692
965807
3247000
1441473
4733340
8761196
9101702
9115267
6050671
4848790
3698942
4213232
8184294
878006
1581
7266779
7075547
9852503
9014801
4526350
939800
9668425
1847409
5243884
3668652
3332523
7755879
9473995
2266512
4983511
2366840
2904725
2625673
3851906
1014353
1624456
4271664
8309833
7041161
1223154
6562534
9646454
1015769
3391431
8095724
1425469
3683688
8294076
5671858
5263328
4089445
8145433
6193302
8124574
6858272
3300659
5938748
9376776
4788452
4828569
7646398
7097932
8695258
1432508
7898926
766007
8168945
9983685
1141389
4235592
5994009
8795002
6255576
7161540
5631063
1386177
48736
7719584
2412539
7329672
1099861
2203029
6188034
6301113
9274608
3492414
9553225
2042574
4641042
2464286
3558170
732423
5155034
1519717
68608
1721685
1321716
1131955
7792876
8665491
4197374
8750785
2529405
280105
2368480
6200413
1897271
7831024
3367006
9773240
1644172
7349375
7806338
6698387
7865215
586880
3095097
3924495
2107769
9342185
7000787
6206999
2501488
1702779
900
6310698
1452945
8215136
9065751
4782546
3521147
9061147
9283198
1005732
1831785
533372
2443333
4094800
7259467
7640751
1993584
3865011
307762
5921412
9861991
37667
8082785
2446178
2351068
3604432
8133078
7438851
1933085
867981
1790617
4217229
4651771
6594810
1797697
4673616
5289297
4630399
6584023
3842719
2310011
2569297
3472873
5265248
143840
5583549
3156945
1485372
6905236
4062610
3748375
7730599
598105
1359009
3282462
1990450
9038930
9200584
2685329
3273971
7166575
3550872
2831202
5233898
9459943
4046216
1839610
4915861
8397900
7950872
5675069
291787
6279902
712193
8549110
3741783
6874592
9580159
9291330
7206971
3920872
3108810
3693731
7061936
4746705
4233691
9775338
2851851
1484202
590132
3912993
9385480
8110267
1841046
4249638
2621081
84849
1334209
8159479
8157809
7630735
5673097
4498492
1789972
4965667
7865356
6509367
3815929
5734055
9823335
3497417
4544119
4491041
5902488
9635452
284672
7107232
9959176
6470250
1492274
3773292
2248012
2817825
3578406
727821
7143301
5482448
3237806
26686
9804053
6373611
3149755
2265998
433358
6116334
4163847
3870714
3332306
6037651
7879359
4826110
5437963
5232424
3683432
5077521
5415941
2800687
4415402
3448414
8318372
6231577
2374959
1829657
9317648
3438121
7370424
8826192
3094136
987541
4781373
3763361
1153004
5275755
9915165
2220360
2777588
6687275
998599
4395883
4742561
6235149
1841942
3008517
8049060
8352678
3119777
3401770
5764540
3681808
3472989
6847469
2384608
7606408
6862206
8180193
254542
4925875
2075893
8893821
3782639
6808793
9620053
8426932
8097120
7886563
894817
124817
2933953
9498986
7643574
6188867
719618
4882899
5589780
1656967
477010
8939645
7721410
3785738
6680685
2247762
4010711
9929013
4871178
1609346
8946143
1592175
3883478
6316507
5913684
6129209
3271972
5722463
1791552
4155245
4189653
2294779
1034055
9676226
3869433
9859215
6762006
4073617
8159700
5224366
6888308
8013054
7609497
5319755
3275999
3397281
5027204
7675801
6922637
5852888
2517644
7724885
5371122
3556524
4165201
8775983
7909835
928224
214057
8063769
8017239
2213917
1037129
6416518
4286373
5838301
8867230
1833613
3769400
9916767
7425913
99259
8022717
9218297
2085301
4567078
9017628
3535881
6767898
6646139
3753770
9860089
3796968
984290
4476133
9958889
4141197
7011764
9152214
5798266
242210
7123947
5487608
2168804
2592415
2307699
8645018
7326706
2282166
2352437
609510
735438
1552192
3558202
1528986
9663141
7679158
8026555
9540612
5095916
6710071
7132644
3529922
8605574
4348045
1710621
8985886
3048838
1536946
2755282
4073568
8672156
8448897
7073370
5109845
7832496
2827729
6310491
4242067
9061164
4937097
572464
847632
9448414
8802575
7601204
1768880
2271126
4499563
7854148
2293887
4162464
2036051
4832892
9359317
1328080
7323248
5413976
9147826
1969077
8084815
2869835
2547283
6309077
6874263
9977970
4765432
8153439
7337562
6066761
2058302
9294647
5918325
2627916
5167753
1719774
1487821
9881109
2717295
1617481
1973340
9291657
3225125
7638101
4847925
3898116
4581325
8313086
1055835
4459058
7861375
4019592
7091487
3697576
1753668
6939476
7617463
2948901
7931270
7603416
8294903
5726081
951646
8695494
9976371
6732801
1167435
1851852
3296913
2805437
8707733
7847978
4057423
1875812
2814209
6904050
8746443
8389596
9047119
3835163
9673011
8594750
451115
2097910
5718013
7674580
8787036
2858825
4887178
5619381
5458918
8638707
9305423
9451482
5290104
8692901
3849075
1696618
7050786
7578499
9842547
8846447
1460969
6620616
1521324
129153
1163236
9677480
9824468
8030155
4099410
9947625
2875874
4419568
9431476
8173913
1597212
1555258
4072086
2710688
1015145
4196369
9967925
9928918
4622233
6055300
9666626
3207247
9660907
9115728
8234943
6507091
9711894
23656
2480800
1246029
7944915
7968143
8771838
9070802
1822270
3973691
2397334
9842837
9945387
7861410
9532739
2477600
9034119
5995163
4990843
5178371
7222918
4162077
5493841
2476033
3493126
6490387
4925552
5575093
3597576
3528915
8486444
5219453
3065601
535630
4685106
4961366
5893940
7401213
2268382
6262746
5797116
9273840
6959608
9813546
3841975
3655690
9079378
3404797
6735601
1979015
2792105
3556263
5774639
8328274
3507257
6213224
4152757
3112010
381194
1982694
1167738
4920861
2667182
4773653
679211
1176845
3856664
8131686
5247824
9176176
1307417
2234242
196203
7692354
9732822
9668924
5075379
1089648
9965586
2366957
6527918
3977488
9341041
1003891
9276338
976817
7361144
1586762
9429391
9204192
8152291
4073353
8448468
5617532
7385231
6742996
3187428
2582975
2325192
2603341
4534524
301311
6077743
4215201
1659228
3113236
3208802
6330824
5839089
1133517
3947521
2722427
4871305
1936245
7510114
425256
2841436
6680965
2799116
7102809
6587474
9488565
3674814
5600638
8222799
1013170
7083776
6146402
2795439
874100
3001800
5533631
2497240
9153227
1894421
9284049
4025565
4957247
8799700
9006287
8091794
7322149
5959504
6387854
1746135
8585962
879956
4805547
5344250
3043039
9846933
1065213
7344087
5556918
9769248
6747579
1910541
1507691
4133809
667706
1257009
7070091
7503392
5919900
6817958
4137961
4692632
207786
4033164
7952468
4265744
7037863
354942
8456926
6215570
4201403
2102655
7179813
2394140
4528987
8355725
1227556
4589596
1513728
4711069
6464190
2847132
8310687
4069732
1895879
8934016
4751966
9810090
1715823
926371
7577176
8898568
1926990
9358531
8648283
9340339
704730
4773707
3897981
6609680
3409125
7891396
7027102
2444128
5645752
2505123
7778019
3560337
7542901
8045657
3749869
5783184
174626
851278
9951343
4503479
1875361
6683729
2372120
5105056
2660996
7106550
2929058
2562273
6278936
6528463
6317469
1137474
7060725
8355476
3973381
1853450
1932476
7672625
4274785
1221969
4498780
2737896
3235682
3915486
5666251
2856983
1901208
5633645
7187578
1732284
4923193
3804674
4944249
292954
8780228
7875997
4618177
5793135
2627704
5329231
2972187
87551
1842454
7803634
9781466
630061
6509267
4120391
7231393
8237814
9258917
1206761
7878760
7673336
9259799
4316248
4398659
5091755
7491258
6350590
9990903
1064881
4460087
9873682
5040670
7593655
1629327
2135828
2237366
6487904
8232109
6831927
3012228
7286023
2149677
7150652
74336
704429
9863493
3150223
6914969
8008811
2588460
5351748
5116698
4490583
7838253
4543473
5035593
7783593
5738406
8668245
8924471
1212347
2899694
8714452
3713966
388236
960101
1245530
7278438
48346
2525150
1024947
2405973
3985508
8678574
9785088
9127080
3990717
7413762
3890017
376453
7855625
6425083
4188222
2993844
6814361
1887396
6263719
3963471
772789
5208507
9850874
9253604
9640287
4008553
8896142
9727302
370938
5133361
7310810
7781511
1241451
7204267
875042
7845424
5394081
1063945
3006794
6301904
2917380
3240175
6083543
2510168
3038131
608706
5848537
2290994
8631894
5671870
75391
4373909
3103551
1996310
3137058
2830943
595859
440322
9284071
7476987
3021083
8902089
9148841
8860291
7090984
7532151
7104830
7276586
495338
2982426
4051738
4630478
9021912
8092523
7430540
1957709
4268664
308035
3846615
4327536
2509579
3441334
6503882
8352938
8992389
5748607
2004738
2645616
7046306
4144279
1689075
2848221
9581638
3956833
8853403
567994
1426209
9531246
821042
9424301
6630873
8772934
3950124
4659525
2483144
6916464
232493
1100067
809167
3200561
7412351
8896545
7128447
314532
2977616
8055504
5537196
4728131
364009
7870104
4194082
7589927
7560792
6778914
2865447
3708002
7513785
8608541
3474487
6432485
8669221
4789715
7595292
9436966
7762845
8300669
5253148
1699875
9040102
4493204
2059924
5569613
7143418
1415055
7222924
3346556
7586729
9710953
8694581
8599161
2345729
7185384
1248517
7481870
725175
7202514
6033988
1987204
4019291
7143993
7984737
6933866
5840313
5329126
2754068
9637983
8845741
1326950
7021059
7437873
6439131
8103360
3909553
2793211
1358443
6235757
8382058
5114198
7594501
6119919
42908
1937764
1290539
7888798
4225426
8688593
4308245
8094055
6773748
2072977
1228846
2888808
5263418
4309562
8208288
2065978
1960864
692308
4145118
7073489
5159727
720367
6678539
6660911
5704467
3180541
5395920
3555284
7665672
1645427
2539726
2546150
6059721
9946176
6687384
1481610
9484377
7304819
6056595
4496358
7358387
1817845
4247466
5247853
1923326
6714785
6790562
303397
1329330
1789242
3985061
8102714
2076784
4346913
2359793
3516860
8788078
8550100
2321057
5616698
1257118
1419425
7915120
6146384
604609
6472214
200223
3940876
5492560
1393257
7735349
5675729
5935070
7212682
6160304
806552
1899751
5518067
2246052
7079660
1176261
4678057
4621576
4757787
4058578
5499438
4339646
9189562
3820602
7395105
9680970
6817535
6337678
7936517
3994813
9849348
3179074
4940150
7965409
359983
3583068
5827718
7519676
1208853
1920929
4379159
8420141
9964229
511654
5670827
5150915
699929
4677815
5179267
5844165
5015378
4922866
5742021
4623760
6524417
6384295
5455546
8574996
3340348
3857590
8434463
5744252
8067422
6051858
4425619
4269349
7686977
1577602
4562122
2941268
5641627
97163
8548618
7451768
9223588
5455168
8344145
502572
956008
6194831
9614731
9366229
8215790
4428035
4418324
8891902
4435529
8047937
5971736
4856180
793309
2330877
2320652
132695
8382864
2876270
1576798
485355
9293275
1878743
5948946
6731798
1641967
6828963
7534438
8109428
1622113
2957603
6497189
2051562
5857267
9706401
8749255
8634906
1366072
6512144
289677
8458518
131942
4489681
973914
8380266
1237343
947310
9727290
52741
9838204
1077104
7354806
7026720
791483
3453618
5836365
3200138
1721010
250
9195389
4826573
6195917
7565840
7688977
4565371
5928344
3976946
672526
7883559
2756760
7785109
6100606
4785555
284684
8747911
5639360
369650
3052713
826570
1707225
490984
6149324
8048166
7914033
628937
8929895
1927298
63566
9034679
893059
5781033
7520535
1431678
6761133
1150609
1582586
1663368
6023802
7591797
8395720
3817763
3560918
1757931
6084177
1702185
8868881
5873854
7169219
9592371
9618044
6484454
4810230
4522126
7737745
860793
4768086
7751695
6955051
4708291
135693
3186240
7609868
4516578
6954912
8667728
4444080
3986026
9781295
5185893
3262002
7435261
5047727
5674124
9329325
2068297
9658592
2696977
5195474
3477486
440370
6325238
7655315
4498749
2005063
527567
4798682
1753249
4881064
1047057
7924930
8981501
6737095
820087
4941900
3621533
9427586
1204722
2465918
5686616
4157907
5799586
5066024
9963425
5945543
180006
9975510
2432838
4086980
652161
14895
7577602
9467276
9066971
4449984
62857
3858425
5071293
4126849
7529587
1256949
3539083
7051034
4710999
7954234
2851572
2883348
6576141
1182761
6679193
5947631
2747149
6204156
8414058
486150
2261436
3706053
7405667
658495
6596506
2027479
885945
8619231
5867027
652991
7454088
1758186
783419
8039430
3477069
5076604
457180
9451354
7955617
9037257
4168227
7196530
428674
5048609
5399355
2793818
1874507
408865
9485761
7712373
2687086
5269779
3876870
2673229
5309055
2569061
5016554
6616672
549372
344167
3429078
5480403
1908698
1891888
5230799
4198809
4822830
2606352
3976471
1815546
5941077
2546089
8797542
3505351
2148174
4641408
806767
1113933
2914424
3010847
4535482
5459443
1566718
92296
2314724
7625463
3220564
8087945
2680482
5128873
9779170
6374525
6584112
711955
150997
3082413
7225836
754031
6480512
7595269
7299307
4335022
9014240
1443914
1944579
6567054
8478777
4504894
1931474
9854920
4820090
8307480
9562593
2685070
8186858
288254
47088
6445695
3202946
4191755
103919
8830075
4356026
1278264
5061928
2676678
5531858
3951774
1888678
8305302
5110123
1060120
5539684
2490263
5114780
5989551
9010116
2392527
2248067
4824156
7117641
138607
1006273
9453229
9102734
4001540
6297498
471145
4198752
9696819
6334814
1534123
7590015
5496151
7067177
429389
551856
2669615
1627170
8627142
8932583
233365
7081936
6035744
9585783
3662125
6946876
1148514
5194406
4437461
5685574
9902941
8511093
5141782
1404144
9603173
9577977
6535604
8773390
6320954
6818589
9187556
4890950
203852
721098
285307
24925
1972442
1477409
2901108
1332234
445098
9887843
3672994
9580433
2646862
4123235
8254227
403108
3478389
32647
3686062
1437007
7774525
5215800
8724037
1859013
3766586
7300155
1355788
3685983
6948996
7739851
8640979
2698447
1333165
4286730
6002515
716400
8602107
4598639
1646406
2999822
5682564
1911805
2807410
1869736
793182
1839954
669982
2493132
6988091
1691729
8760475
5554675
8708275
8330018
9388942
3667644
891061
1270929
8816662
2099287
2793457
603599
1111703
7925745
3912129
5195075
8677122
4475253
7682603
2139787
3657017
2212568
8142388
3515189
5544058
136682
1431506
3346591
1211332
3945847
1695712
8666174
4028232
1539966
3497379
1074415
6850157
4310281
9995753
2965517
5979423
9079542
4432790
1533789
9983423
7981878
2731508
3494704
3157358
2578061
5010688
3578538
3908068
4314596
2287261
529283
9311132
6414479
4299793
902132
6320901
9024991
1370119
8305652
7645079
2019041
5018403
6983412
5217457
6566612
9594292
7787098
2411358
9879622
7593532
2339730
3630868
7234004
3310131
110100
5516529
8744838
5530618
7437891
9216003
3076520
7070185
901703
3785892
6227179
15780
8524727
4355149
2018810
3374957
990390
6918000
8195918
4534474
20907
2478893
4535239
9322110
9656973
9434681
4173168
2627303
9501163
4944174
4410935
307903
9449125
5009916
1671289
4899315
89020
8656038
4803981
6307316
1351854
3336540
3332117
4508237
675310
9590047
2740293
1729771
6048244
5188637
445105
1128557
2419212
9207288
9692149
7467353
337497
107817
5342699
6487595
6535977
7122803
8218824
3448710
8614394
5712443
6911593
655685
4386429
934864
3257552
4441113
5393188
8391685
5430967
6526126
4190822
4746110
4910887
6017092
2110334
5203620
1120040
5582290
1818475
6191070
7842805
4532150
8945556
1415658
8675493
7074127
19016
3248954
2276501
1780584
9711303
6839922
5646457
2859198
4351621
3539927
1834294
4746755
1600878
8468875
1674359
1747264
7842732
681762
9497598
5890529
919481
2924771
6631033
3137350
8936775
969425
4256461
4442178
9156519
726274
7641179
292793
285478
9014404
357100
2467897
3014161
8805987
1749320
4602403
809301
8072105
4932995
941140
4402329
3270494
1271776
2469774
4022066
3707946
4029352
1157714
5980649
8448483
1958558
2055582
6898287
4138577
6872029
7160679
116045
6810125
2856091
5115391
7588321
3092762
2751029
5476159
1388461
3695882
1292050
9185535
8865447
4039260
8898916
6192013
3460016
1024413
6252663
2719889
7468110
13300
4292732
4535403
7194624
6845438
5299134
2828742
8165604
1707347
53630
2756046
699656
6285541
4624391
9114872
7825788
8019522
6462240
8088322
51305
862122
9753944
3799519
959192
9032827
519408
496802
4309332
390782
3279043
9370327
282382
6545439
3077941
272508
9450620
2337936
9339695
4023731
5914146
6744526
6005715
3515505
6907990
4812349
2793600
56505
7885099
7621026
156994
6296587
4864703
5007608
3744222
2691700
3545630
6780711
1095486
2369628
6907576
1433645
7050487
4981198
5563399
8731657
5789526
1806604
9513926
6714474
5572522
7172545
2938420
994170
7423395
1734344
1544767
3783427
7367378
4086668
1944423
9625241
8933919
11099
7948877
907558
9416599
1675064
5922595
8293683
6823647
6633194
476560
7898979
1904061
4910819
2322089
9764835
5567090
2489877
603631
2665506
7844014
2898434
5220784
5435259
4096572
3727632
5978657
9072817
4348494
3986840
3810053
9364022
7131145
6663952
5271694
2148065
5204215
9940112
6971381
9823183
4550714
4529166
8418761
3031069
8149018
2848987
6727540
2405231
7586919
1044300
4969288
4835780
9963065
6793143
2297950
7808846
7858050
6862421
8529634
1964558
6074942
4743507
5566831
6748275
3507467
8940674
9366588
4119712
9157392
482743
8735843
7007950
5321225
7025707
1863947
1443391
3265392
5371638
9184516
7644031
7433478
532184
5785154
134933
8198671
9813524
4841878
9273104
9863064
6979399
3308443
4986052
2270222
7664083
9054487
5112594
9619500
2651028
3851150
1593930
975399
9250792
5999038
2513507
3581543
6482582
3195640
1176887
1165376
4876186
1397501
8840476
6628643
731138
9732352
435133
6018469
8438799
6733953
6084714
3863314
6351311
6601724
368367
2521824
873983
7453924
409170
6607619
6069231
4839312
2771847
3740525
7024006
4780816
3385443
2847452
9373847
2064707
364719
4217660
1747204
4665243
3549777
2206579
1213295
5162971
2367293
1994060
1364387
4076150
2299830
4161585
4933832
4952509
9091888
6798868
7584383
2704157
8508671
5715890
1040992
1773640
7035879
4903171
2550542
7087193
1349500
1968257
9420711
7536190
166910
6256330
1935895
6349991
696694
1107116
378905
3155928
2785114
8240656
7344173
9640200
4977777
8789816
7736669
6758224
7063504
4332078
190505
3115513
5201172
844734
4534549
8191439
4829119
6562525
1697107
4198311
2702231
1744773
8548190
8499538
6936339
9141942
7463915
7244918
7524775
9542814
2812491
1410814
7398110
168328
8197316
5124806
6729640
7846709
3834957
4688986
495945
7314317
6767704
837512
3501757
8990372
7310778
5063604
9374539
1545411
6974308
7136885
6250680
9816425
311492
9608191
9027370
3484426
8103201
4703937
2063452
8447448
5998508
1174098
5556240
6838664
2779187
9138857
2104333
9047574
664330
2797066
306170
6370864
2241971
6242535
3806939
9038801
8471064
1373102
7658593
9393822
637493
7147978
3821894
1189781
558258
3751515
929734
4397123
3301841
4525631
4977504
9547464
2019158
7926472
9412677
7534712
5982800
3479239
3926296
9928277
2323030
8009783
162301
3709474
4117772
8290542
4456984
4221313
4486716
8635881
8762802
8182154
8803892
4846772
3501645
262729
6178975
1962222
7112582
4439922
3526166
4700565
9685892
5544590
5298837
52662
4256802
9104686
615381
8808770
5551362
56702
3028690
7295260
8375228
9825365
1816994
8895046
4862984
4023557
8648659
1122496
6648993
1051677
3280932
9387614
8807750
9372039
3287638
9765388
5415046
4299515
1115399
2024873
4035330
8056843
7093996
1728378
5263391
6495175
1076715
4310498
6907446
6348215
2259856
4094283
4119409
9644906
5086071
8392192
5879509
9635173
5588514
108883
7556087
4831073
9870385
2880276
8839757
57286
7619906
5826110
5514822
3785967
8567251
3125562
4075567
9755643
4067007
3140927
5997359
5058229
5577103
9684467
5039256
278037
3618343
6536793
4804158
6127304
8150729
3679018
3868524
4001620
6970191
2012420
670022
1726029
6415220
5581033
1681630
2140667
891633
1164177
7576277
944642
8210856
4639088
853893
5905932
4281846
433267
4835250
6236328
9278199
6270040
1638699
8017899
7700532
8719475
1367823
1872810
5195945
9206569
3271071
2771572
5710774
6526065
2709085
8108353
9102437
3383722
812517
1954958
6540249
980254
6761337
6115936
806225
2181168
9045740
4315197
146232
1613125
9880656
1011204
6632967
5805678
8126505
2057818
7358164
2141512
9700043
6722112
266595
7225204
9111467
1515003
9404283
6055858
2420287
9186970
4982387
686793
4203021
7356261
5089658
2600092
3960890
6233213
1829043
7499647
2157577
7670027
1788281
2646643
1231439
1138778
283966
8459168
3771155
6132836
2152360
9342965
4790314
4660979
3259816
8202205
8556577
3633799
7114873
7241008
4801066
9098423
2417050
875908
7189157
2134583
8849226
4960896
2066515
2819599
3830491
8685387
5986021
6176033
5972691
5642169
2656363
7193756
4743419
6604748
1185505
4213000
1078917
9404033
3236330
3469784
3519995
1805374
1844727
5933694
6388160
1296390
7586069
8333624
8273866
6515293
9320839
5409396
6287518
6796499
8216430
3409183
2205769
4176580
4326437
9484390
1613657
6749636
1414121
4362357
7872357
1535228
3589461
8502410
1045632
2466128
9390006
9571475
2854369
75643
9366132
4452838
7116388
9115009
6268307
6030587
1104427
7927903
2171228
5811009
4848984
8887952
2087731
7379222
3269641
383673
4456854
5148107
3244143
424988
3516608
4069441
9964830
4923693
7834635
4349939
4506772
1018232
3503055
1410145
3528753
9896261
6126951
7672016
4549654
8986235
1253915
9755744
7345877
9675281
7481845
4232901
3895929
3457403
1322817
7396139
6676049
2014503
9402567
7673822
356060
7707848
8122269
2636960
6889900
807613
854439
5706776
1387020
1253150
5441371
86096
6599408
4813751
4478122
3394592
861258
3369473
4792050
447607
8178211
324402
3536288
6925215
5255238
8966986
4929974
7270044
2136546
6980233
2829040
7699201
53762
7385973
3063570
3657610
6346240
1929160
1228821
9868050
9151017
2774306
1893054
1497119
888349
7480259
835445
1715338
7913573
9906053
259150
1539360
8587331
3582715
3920102
2975158
8292845
6103221
1087120
3890309
1054711
1327537
3170528
8063757
4273662
12143
2671671
2294426
5401940
4470793
9780007
3327967
7071210
2771625
8119547
9447049
9007373
6103814
5718880
7364274
7507612
7189460
7831240
8987060
1775545
9655113
5842332
7671536
4860200
8547762
4365790
9013512
6775016
1325790
1125923
7393275
9068877
3716471
2816926
3065866
506644
6258505
9877679
3964690
7327079
7568411
5114408
3425795
8315061
981193
5192844
843734
4008944
2894415
8779968
8266259
5696978
2667389
4040243
9682188
9770538
6289093
1102253
7817713
5753727
931654
443312
9613030
3932354
8309406
2905368
8566852
2634850
6461521
2710051
3015708
8734251
4985285
4426104
231929
1848183
9494694
4757988
4183606
8050915
6719386
1043986
3458044
8934392
1016349
7317663
9858781
7858656
2491711
1725934
4862996
8407255
3632726
6690832
336597
9615027
276906
653513
3668556
2667427
613676
8928466
1649099
1354907
9386919
9025918
4248720
4739246
6914534
7144124
2308110
6194020
5012580
3836089
2196503
263923
9884741
8773870
4941986
759202
5393237
3078528
6783298
589132
8091630
868138
69919
4938064
5704830
977688
7786271
292558
6355512
6751012
4788912
950885
7668551
6649363
8200920
784287
191040
5642808
2891421
2075741
2164390
7270990
7506008
6837752
6596116
471632
4511790
6038868
9589227
4427384
8633502
7338788
6635170
8801604
2491551
3799790
6101797
1131274
6365726
3833057
6314462
6613717
5045994
1377706
2584820
478786
5517351
4740202
8315111
6863804
1665474
3208107
1613352
9990964
675170
4147003
1330666
5290574
4095848
2720132
7428082
2180607
407677
2488012
4393110
8355929
6438247
6921887
1318149
4341060
2093316
6062687
5009193
7027008
6419538
4519021
4776169
7639279
2270078
9605145
4720078
9385667
9989
4171672
2060014
4890991
6584384
8570100
5094394
75078
2746335
4451769
591281
9002704
6865152
9736037
1634686
2107486
4613251
164439
9616207
648451
397953
5233715
184775
6580911
251594
2126265
3596057
5497067
8373619
4131985
3961980
8930226
9108457
8638576
7263754
4958796
7873682
3961281
5147614
3817040
8819555
196607
1946847
5979644
2785913
813449
5661179
9838241
1788186
9736812
3586193
8466837
5849234
8106646
6574224
8643711
80594
5953714
8940310
3022572
3270528
6731570
1542018
5303989
395869
8947124
6937612
1895453
239082
2630229
4830933
1152081
1882062
5851896
1630171
7032508
5293459
9502347
2463319
6226837
590411
7640042
9369754
9947203
3524636
564471
2599892
4065302
1991017
7076875
6412759
7888071
9199655
3332817
1482589
1445243
3979023
2870122
1276427
7206075
5895226
7053451
3912619
902206
5606518
9725205
8905291
8746670
191833
6736749
8191813
538710
6330208
1230197
8311903
1792502
8242178
6252452
3444059
7343776
4555869
7783302
2110799
9500703
5317472
9319775
1726577
1302093
5141817
19220
8283217
1925180
1994876
428765
3532999
5451082
1480441
6920340
4806188
9779473
8432571
9565015
4423987
8469144
5550073
9843490
7915172
1458546
3078330
7457053
9832936
7520425
6051359
9346330
5092997
7577267
2774946
7985363
9166323
1592695
3618282
4566875
5755184
3680637
7256138
1441849
9823494
9427249
2518152
8096302
8410344
4153696
20750
59458
5694450
6303975
4328502
4365984
6836002
5906379
2516149
2247297
1785782
9827705
13299
8530880
98030
1309784
4938389
3764168
985886
3082418
8240279
8426775
4562521
6458558
462415
4616886
4833481
5857584
3778947
5846110
1447995
4446678
6493327
8709547
7416646
2906895
1044426
7159978
9025391
4809947
3882062
4981636
1198805
6130114
764721
546142
5193485
4071279
2887943
962139
8817560
9995863
5600328
4637228
206781
4448187
7310667
1665943
2241427
1498801
4247384
2951150
9800491
1136125
1844532
7095782
5817406
5756354
5676959
1251346
5435738
2197576
6430439
4016340
2050586
3321415
5195862
6988395
6181170
915872
7472123
5215980
5432779
8790010
7238487
123174
3493111
2081790
9343368
5067433
2878866
1029053
7069839
7572677
4972422
8733526
1595211
9058878
411217
6865097
786492
1314782
1298144
8832654
8996952
4045421
601587
1757243
3726314
6865889
7103942
6877459
7747087
7749263
7288731
7256874
5904517
8567092
5059300
5012518
1240181
8610580
4842030
962123
7578621
1525984
8546899
6827379
8334168
8783325
1960817
8178709
3134632
7650456
2515195
2019946
382720
1803553
4278646
288161
2272575
9513842
3944035
2325232
6258479
9642709
7668567
3823625
7301806
5878307
8394284
1577672
4233106
204054
789833
8560184
9109503
4893405
7789
7039687
3918136
6417232
6630356
5666950
3685207
3459308
711488
6739590
1588158
7688307
1210396
3933149
4709813
2706679
5713582
147406
8118608
5676350
2460086
899153
1005616
2573604
2307470
5616885
3408630
7542691
8372429
3801150
8483805
8229980
8614063
4786708
2404180
8153235
5560028
495483
4055858
77262
244841
9240402
1701258
468124
4156182
7815767
8472483
4076021
9219723
99504
2647423
504292
7522419
3713329
7109758
1692045
7618440
3236220
4811673
7796008
2733715
7963509
8554995
4364451
525806
6391288
1895135
2694836
7672321
2750941
5405784
7551656
7587118
7161469
4413801
5356703
6392199
6174354
1597047
5411748
5643865
3321909
1071667
5641154
9067086
5868712
1713421
1179904
2051930
5943075
6273933
3385997
372137
4145334
2501024
4768123
4793056
5294593
4947317
5150417
7410831
5708662
9937459
3517138
8973098
1475176
5367022
6025144
8188992
9774291
3655458
2094637
2209043
2851922
9495432
9447849
3714497
9201578
7331221
9512900
6057704
5826055
1108423
2527500
9721209
1511999
8066614
3181863
9856702
2499132
1848084
8496125
6670399
9117477
2972938
8776035
3807813
7900492
1382781
6150719
6291515
2070429
7876772
8042154
3062521
5933359
6855881
6504098
6298750
8143743
9822439
6399883
7084836
2685335
2207506
5576461
1606171
4004108
4460064
1661782
3389760
5154381
1236031
7301899
2941064
9722176
9643988
4344186
8777241
9765137
8617351
9292239
5979231
9773893
848773
1025700
4641155
227381
6761100
7465532
2344746
4193303
6589680
2224039
3063251
2567640
4855116
1465627
97114
7462536
8189696
7043311
8833034
3050790
1492940
2796182
9682656
4878093
1838153
4509940
1518285
7498849
7519728
5875928
7449138
4048841
2873362
7864720
9139101
4179411
5241822
1995146
455424
697056
9940340
746424
2675014
5679205
8641314
1819267
8654417
6701384
4712351
844660
6311565
1831257
1269033
1187334
1657603
5391088
2265938
708560
8919039
3016423
2202878
1052172
4535028
6991993
583938
9208940
1621948
395804
8741501
5854455
4897339
7689336
1682782
1146973
5141030
9938062
3946974
8911639
4478229
6972646
1367827
5722085
3864471
1527652
5691198
881594
5472059
3455473
9183146
8304270
1922116
5467112
4470728
3655794
3491857
5777548
2437620
3837283
9894441
6359428
1523965
3259547
958540
567446
1380041
7393377
1227654
5230149
5812027
9659061
9645785
3777285
2653157
8388124
7565224
8960431
998690
6496417
8343327
5986012
8574639
4617874
6153159
2197128
5220955
3443399
672390
8597608
7869471
6678703
8329442
2794390
8593116
3359090
7692716
4538240
8392882
4695616
2471235
2877979
986432
1132779
3676905
3145366
6825826
472876
1915425
8420375
7908373
3636842
1134761
6136553
7831035
2021484
4427723
2382652
2115004
7668681
2875200
4906929
8073233
7100686
3450352
5609721
319684
2196220
6786628
8828370
3639794
9826417
4692455
6551107
3373478
4195997
8640651
3327837
2627311
2155072
4920941
2933119
9207246
9947817
863779
9734296
6263362
2427829
3420031
2023752
2481453
5557071
4831369
3588777
451848
9059429
977147
7284505
4378910
2130983
4853077
3125084
914213
4506404
536268
9406849
5613971
4627945
2380523
9981613
3977277
840284
2185758
4487189
4432174
9409867
2195800
7055775
9418936
1558282
6672355
7948099
5026564
9297728
1470981
2545230
3628159
7593377
9827327
9759245
2308379
952578
686821
1743009
8028349
1896404
4617969
5210714
5096343
9822457
1811545
7270069
1082919
7157991
2835241
1278608
6091882
949665
1560944
6895678
9477179
9982311
5665576
8667713
7478954
4611902
8420446
2873132
1267189
2750080
8008930
3175356
987576
4151439
531865
9778223
3828700
1014019
9592322
5964588
4219439
7178369
1827865
1524506
7970501
3270378
2364623
2082731
5604206
4136811
639123
4173565
4648495
9882433
482929
6253927
39227
8385671
4077199
4484263
1321008
9453008
5649655
7575211
2749212
7971991
6309730
7275712
4084671
3983997
1741225
419538
5594012
3085736
2357857
2920587
7113205
4054640
9157185
5192840
6212599
7357063
5968194
9577728
3178019
1821189
887409
8851165
5297061
5719777
2573317
6487780
1516860
2239931
3764990
7019054
7621653
8096128
5323346
2952196
4541849
2425916
8073927
9184778
2359735
133230
5359721
3914222
1626624
2723129
2836804
9878236
6337595
8479059
1930282
2496698
1991389
6797800
9494138
250097
6451212
3857368
337139
1877194
1694432
1680560
5953723
1170203
1624334
4659567
3938502
2673359
1111956
2522353
3558159
6130175
8553483
1441817
6646857
2998474
9457915
503196
4729561
9589279
4280103
7440221
7409170
5981555
7449669
379774
5810536
7180471
6232429
3440520
1752275
2361752
8393461
8364354
2935226
1762523
3574340
9192506
4111109
9843906
8613840
7268709
9291793
2330151
8724924
7601749
8568499
7838348
1371490
4230879
4699536
8165057
7622987
6320337
3536183
3404572
6941647
5931526
6739091
3920019
1510868
6444420
3990613
5070491
8161871
7601879
4328375
8510030
5606959
4683885
9184927
5175023
6781012
5278005
9090429
5514389
1642181
2351689
4497270
5370737
8777673
5993463
4239891
9249173
2830414
9229344
1122623
653601
5902256
6368662
5056137
4711638
3970015
278453
9933616
464746
8522836
2580272
4276915
2532268
6571400
4667296
5902784
6627726
3741208
1256826
2312620
7522614
2594036
4239056
5387663
7296928
1678252
1912844
163035
131108
790701
4695128
1123495
3626488
8644075
2979809
2134874
3520367
8359603
7426254
1257314
4108098
6517780
9023969
2791841
708775
1568955
1522013
2642141
126129
6125451
7282993
9951377
4515720
8760412
2715265
9710725
49554
5983422
3820395
1988327
696456
9073909
9912033
7912808
7740282
2138757
9724888
1614130
5281011
1874557
5341849
2974622
7080399
7082980
8508435
8416742
8461963
477689
1896462
4127901
9996711
4552626
1168751
3553356
8279709
768937
1828261
348216
2298944
534100
8891843
1323008
7865774
43007
2978568
8894864
6958847
7071732
378176
5666938
8298815
2137839
876477
7900400
7826730
4434317
1539675
9657117
4018180
526172
8069441
7179357
4223959
5613339
4455956
1402173
731459
8644336
3223133
4494203
3714163
1020914
5175968
6892198
3039572
1494626
3541367
2606355
1113225
2649288
4814603
1687191
3848209
788972
6384966
7281403
9882693
8114982
6470186
628896
7210043
2788941
1510067
5330801
374259
9148046
4351108
8201024
1043400
4296237
1661044
224723
1911823
3516304
7391195
8405503
9482947
466748
2768736
3715039
6572536
3264656
9951298
7500330
3549015
3822068
6094779
7822215
6609072
1677438
6639449
5620599
4234825
501866
4403285
2796006
8411296
3132604
997480
3981728
7034598
904112
6779100
5810191
9532363
3530778
6009127
1885063
1658679
1958419
7718519
9136348
9447788
8782708
2126538
6576094
5401846
6197208
7833470
2767753
4586411
183691
3803767
523600
7657703
1291056
7409317
3540987
6508894
5513615
3599978
8345562
9217140
6152728
215694
1135672
6611955
2743733
9293679
2452750
7431132
1977174
2065006
2359168
7704851
5058753
7587627
7934829
7727696
866758
1318984
6442517
5855715
9572238
2517469
6293876
6390888
7524306
6182084
3897665
7275247
9790226
5373626
6323211
9135266
9876142
6915165
4144011
9840022
8049096
2662539
6972975
8998573
9966184
6444033
6249996
3425539
7666267
701904
1208847
2037000
4518053
2746159
8895785
2470237
3006642
5256960
6018697
9880565
1374224
1311110
8728042
196633
924878
6657714
5467077
4541722
9310280
4200173
8589161
9385438
4536666
740254
4132040
7241566
3526058
8929349
9021716
6956185
3729993
5725772
1271875
1339147
5966372
5981217
5449277
7397705
5778916
8182509
5774651
8917010
7633880
5390885
3770730
8820195
4670593
6890213
551984
6187183
9362534
2154177
5744411
8611078
9965961
3111024
6443100
6030129
3500583
4109422
2006362
6576331
5420140
5684237
8638828
8822314
5869715
5777998
9847189
2933948
9654259
5307316
8995294
1365507
424774
3892063
3389984
229340
9669940
7775183
8000453
5419259
2021066
9225805
9176633
9957381
7750066
7669164
8727540
2071538
9311767
4998979
9452444
8539228
7363127
8468759
6807514
8647176
948526
7135614
8720085
6711780
1444477
9575355
9147945
2554717
6235980
9829397
6499520
6371211
8558211
8199392
4850962
3980986
8317504
3962992
6404601
2134859
1059821
7423868
7219432
4531447
6190890
4077037
7708442
7764
7743019
5205769
4396526
3076398
5745801
7136440
2997467
447940
2139892
7430718
8535324
2536169
258907
3524641
8420288
9058144
2961928
9939967
4138101
3543658
5297447
3633525
4552929
6301462
5708261
2548064
8043853
569426
5968667
4746460
3125546
5941380
992416
9336985
9297497
6241440
9614915
9261219
3170221
4258306
2247352
9509647
9379858
2197556
1423155
3617653
817880
2527193
2271943
4373152
6851908
9262272
2849012
7362434
8377590
3991410
4636328
8329634
3601584
7167063
6585676
6871167
903122
1183381
494911
3099658
4758606
6523355
7713224
4976037
8027239
9090683
566429
3168899
9128553
7658139
8850894
4638282
1089692
7310454
1303488
488313
3664439
6104279
9195336
4216869
6865864
5661979
4811791
6269944
44645
3813860
2934623
1281479
3953675
3794686
4631600
1873998
7888381
8654942
5217088
6222629
8565
8755298
7160424
3237852
9299459
2687192
1423293
9037392
4049526
3832095
9458787
5368932
4111481
9990508
8259965
1242845
566492
8796821
894827
6826322
2243463
7677355
3924397
5926570
9781957
94556
5949274
5775072
795509
160008
5413159
4922243
7982837
725488
7105611
3437447
5653953
1487925
488600
9254341
2820958
5815849
3501151
7887121
7637751
9670155
8018090
3475969
7687613
4649910
3589573
2944286
5021808
8241421
7747066
8302989
310041
9978042
7669537
9956620
9951400
7578769
1861263
710013
7999148
7687164
3195142
6613163
5588333
403595
902823
7610875
7320230
9115990
6545323
4629991
5983151
9983267
9234392
6588315
2147753
7436789
3219084
4710078
2622652
9779600
353192
4526925
7854181
8079622
4461670
8564071
2576407
2319303
630412
2882090
9594892
5648019
5974168
4629641
9213928
8703882
5764456
1273019
2651821
5995501
3123302
3545405
5974347
9693745
9030516
8598428
1246430
5382543
2845664
4479014
8445226
4713968
8624611
8376513
3595370
1937505
9070470
3214050
3523711
7273786
7702424
2248333
9977804
8873451
6663130
6358972
4041043
5246765
7750137
7006778
1562739
8600287
2971185
165472
2577505
6652851
376450
3318501
1702136
3485041
693626
991300
1091105
7890183
8932928
8272498
847513
9027824
8128389
8647260
5285643
4796472
4828048
2927099
387313
4707247
6677038
4659000
3001515
3418923
822990
8186867
9027707
4572525
9182577
5052784
4229494
16568
9752826
9656499
4466297
799945
4828581
1221732
5249272
5012477
3812564
9606613
5210646
1620611
8376988
8316851
8146918
8992331
1079501
8285201
2726614
4032596
517644
2488895
1597544
1732644
1499764
1934312
9652424
5211413
2305600
1578489
7611754
1029177
2308026
7973404
2627565
2094257
716372
9538300
6017908
178887
3589567
8552005
3282535
2860480
2554550
9017070
5939861
1512315
1357259
4784527
3879024
2584534
2775119
2485119
2030798
6321880
8291255
2217648
6053510
7474016
5499070
9464415
3669898
5315404
5809254
8527670
698836
3402518
878659
4105592
3474535
2349705
8531311
4703783
5750751
593960
8261483
6922331
1587093
8593145
6794082
610054
607484
7829536
7159048
5313653
8562447
3012710
6710408
3150657
9776601
9788501
3940460
8985991
4680487
8616113
5468934
6063152
8696247
5349145
2435198
6721395
5033075
7324632
1848981
4325274
8597801
1653298
2156412
1963529
5872629
6124004
6176815
6475609
9414017
8677446
416584
1314615
1096127
9267056
905762
2509465
3957534
381706
3025093
1563783
1989925
3787438
9866235
3798326
7231842
5152383
5921146
7377042
7871492
395406
7508321
2435785
550077
5007699
7766758
8004165
5569305
5389003
838786
9710523
4221592
4649796
4452986
5474747
3593896
993035
9840085
4130451
7171715
2742737
9397380
3450781
530627
5809702
9416420
9854015
1497629
5403002
6643167
1732615
4248461
3277833
9745504
508408
9818810
724402
754642
4055845
7194778
7438779
4233682
3590156
6171927
7298490
5785699
8487373
6402813
4057448
9339729
5013117
9614118
5040360
6326478
3026981
3447530
3511765
9503233
3625313
7795405
1225342
7482565
5853719
6378455
4712071
6169714
504253
3002708
9403891
9194360
5136725
54886
224869
5995122
1893440
5403081
4922990
2777905
7060485
1994352
2248567
7958023
8849610
6495367
1580129
4812646
3532644
9898690
7783427
2283042
6979612
271019
2803388
6824080
6959951
8391116
9018246
7862683
1632005
1998135
772636
1347426
1409544
339377
5888328
588881
7928348
417919
6891699
1582808
8398034
4242037
8687222
4830482
139088
5617968
2676099
5528934
409191
9714407
1544021
706073
702237
504006
806391
5098956
1489337
3561881
8684224
5874230
3207547
3281861
1843459
1622130
8736852
2441817
332759
6315132
2386867
9517892
1352378
6186402
5111394
4827188
2256459
8939640
643590
6572541
452418
9043167
8733264
6022778
7391498
3966378
2485067
93932
5641879
1308754
1470634
2988508
8474916
9573972
2493120
9552552
7043718
1777406
5550446
6912361
6325017
1258064
8621765
4492872
4277988
991618
6741843
5214431
3575077
1194196
9223567
8754297
6193108
4930968
5484031
6684263
7310114
2839501
9755279
8833067
9353562
4544388
6916636
577002
4223527
9670327
410435
1979028
4347457
8608637
5701032
7127990
3849896
8342690
9970111
9830945
4338600
388024
5636771
2609274
6656127
48710
8067226
9996876
4514910
8873918
1702945
9540349
1792605
5326735
1186904
6568202
875058
8589167
4376224
988241
2069898
542199
9768086
5291455
3463484
5186122
5476331
1246858
8502143
195445
9686245
1238968
9722328
9595713
6237701
967986
7995096
466522
4561417
1538154
1107814
3807996
700881
5204352
1287599
388902
727145
5825295
7370214
2702759
8725461
9749923
7608993
2970936
1713267
6654122
1731066
893716
6603061
5934211
6690036
9423711
1115631
6904877
7966734
1347328
4247505
6606184
1208585
4824772
101398
440713
4889154
9370084
5794834
6072242
1348550
7999106
1910913
1246855
7397285
7332053
4005100
8313552
3730186
8905699
692894
2352109
3623175
4385887
4280447
9085633
8238464
1454021
2661778
8231273
9399836
9083656
3433543
8572052
8972393
5765951
722131
467371
7984814
2124093
4947808
1091812
844216
2277160
5616848
1078084
8609921
3615660
9112750
6632629
7564001
5192961
822345
5844345
8260679
4962163
6046321
6325559
8237809
9423137
2872374
6651901
3898082
7537197
1194936
7463858
9022929
4395291
922380
1047883
7203466
8890951
4279231
9974821
9648603
2121990
2717703
5006536
3310534
5606396
4575750
2666904
7154271
8620547
5841307
9247826
8561127
4734846
5874917
9078459
3105409
8535198
4658187
9820238
3197114
9678141
6738
4430619
8905719
7178404
521786
825566
9457962
4510157
7191109
5450889
1815144
2275946
5123273
5998602
7300203
2550926
1118235
7417797
9467835
1721212
4930265
7928977
2934734
9246268
1605419
705388
4158238
7245424
115860
569885
7239022
6666639
28472
2364430
6708789
7836882
1063573
2962945
4367403
2175710
7286395
6077615
1931911
1448320
9664702
6811093
7982363
3731085
5378136
5098004
1834131
8901397
8646803
5786983
9350
939545
5666982
7007123
9786508
5214484
8645467
2251385
7795499
7683614
2834493
2044955
7356131
235716
8946557
4825963
9664162
5335101
4175187
599966
1085629
2645122
2991295
6113194
9240048
5319268
7779717
9463047
6353767
6361115
9187381
2838216
6565296
2346898
9982949
6646539
9250942
6126779
6770301
7394910
3473717
4986099
8353248
8481115
9733520
8150308
3254812
7080254
2396903
2046391
6309121
8245382
3238439
1567191
1978800
8619386
6442229
9593804
3421831
6348045
2982683
7826252
8351127
589239
8094916
3729679
9107328
7034886
6328738
3997312
6649529
5151250
1708192
3464708
8150939
9807723
7026540
5567963
1957048
1785877
5898781
528575
1173926
3941493
6170876
5112695
6183985
4855071
3458947
128747
5342678
6713832
4043201
4710955
3994880
310288
6201963
1515918
1734504
3966279
1909198
5580056
1079106
1424199
2475110
5704689
100059
2562209
6595610
8515236
2943774
6896606
85042
9127751
6551999
4675280
6328858
1438456
1765779
656663
6718753
9688558
9820689
2632074
5665919
8291199
8847090
4902641
5267803
2526467
4553431
3444452
3471257
9060343
8292921
6016488
1661167
8095805
3405537
5707645
7160333
2923443
3920422
762568
9677092
5176370
9336675
1466390
3513777
1766855
9336669
8127518
1138500
1978014
8957887
3749047
1612381
8243980
2917207
4954004
869280
9905972
2615670
2643250
49249
5068739
7902165
4515245
1148807
2488764
9787262
6961114
5428788
7643438
3603196
221444
3909287
3272463
2270458
6107282
4429766
6474788
6182407
6171980
3189513
5981657
8566923
7131422
4715802
6756449
345832
1339558
6411524
2639667
8372124
4834944
5593644
9738208
6762023
957317
8677006
1855403
3106765
7899381
2021220
1491572
8666993
7811799
6114855
7778406
4877559
1577981
9340697
5345934
6491500
4352767
7032879
4849078
4433583
1881982
1841347
3363544
672577
7733069
9974297
4005336
7863730
3421266
8410937
3444580
3497975
3734849
3886077
4871777
9959117
3434699
6656258
9497341
4512339
1777958
6027103
3227494
5674397
6994914
8859492
5537712
2487927
8394803
1446468
2701501
8284782
5760304
1403589
8194243
2426537
2463349
2007259
2455980
1068066
4957086
1772224
9887773
1113828
3229441
1317774
7510268
5485047
1751935
3485454
1150554
9147044
5428178
2750155
6151502
8194909
4137236
389744
3947526
5172438
5811384
700889
3175001
5052527
3896479
5814646
3992421
2046878
3720456
6898006
5018322
5777622
1714160
4639102
7329776
49740
4613221
8110895
9942460
3687713
7619913
6917760
9953515
7362883
9805599
3885022
5827268
8391937
5718836
3414738
9274579
5227229
5155622
7220676
6027216
4120431
5423136
1395454
6402018
9023599
9692009
8540482
3616266
8149254
2557749
4019301
8101997
5592535
2771860
767426
4953707
4570173
99446
5385424
4534864
6383544
5930300
3735971
7996120
5416308
8242665
6027018
4327804
1667425
8652795
9624204
948644
5639804
7205234
8952233
2407110
9049039
6423503
5954371
3349775
583467
89669
3780275
8813884
3868358
9763014
1746055
8738737
288623
184334
5346191
5688628
8502894
7795801
2277723
6821584
1131906
1274255
7233896
3187050
1335865
3995140
5004721
5977128
3484966
2464622
9151948
1995331
19966
1558775
6016125
2871760
5293010
9172846
8606938
2984412
6400683
4943169
6178654
1559462
4269748
9857302
4683863
9419415
9951787
9708113
4253118
1148626
3015808
8498899
74733
6197259
7394970
1948930
717545
8457790
836110
4418522
4434471
4688173
7025810
5195415
3090831
1349319
2002432
7059282
1960229
9722655
9850489
2261319
7538623
1764724
8504095
2030730
1579407
6156274
8548916
7605438
173455
9820437
159051
6469306
1474516
4389277
2782918
3093912
9877770
8932766
1295143
6892050
283157
6066092
3728342
2618946
2269214
9330328
3486366
3959240
4946563
5646508
8820750
5423931
2854100
9746826
4094852
2543224
3794291
2167001
1931186
6547677
4354945
3302993
2615865
3196759
4975191
1854889
9722645
4220207
8279332
4862180
5522719
2724459
1469630
6729105
2155199
590874
855174
4989009
1525191
6567154
5070313
4157953
8581381
3764410
6913242
6911496
9927702
9773412
1863228
6587517
1584991
1956783
5670020
7331974
5189470
2548775
8100385
3599706
1213113
5868128
7301750
3764433
5617963
9289702
5378250
1267135
6476700
6929855
6880105
2735020
3753962
4008987
3374636
7353881
2500554
4051911
4870267
5363472
3102973
6684820
5077694
7516030
4534482
39582
6668488
3954414
2801668
8048341
4316781
1225305
1092887
1986787
5458030
828735
3028763
3088255
902240
9526395
4594181
840680
1739324
3934481
3178288
6460893
274892
5103049
1580628
4320582
3417702
9190133
4128728
9799490
2069612
3245145
8448852
3763174
5220135
2408466
8178510
5921551
5643843
5825921
2570337
4892117
6305771
1254440
7004313
6353457
8362129
8745399
3888704
2006948
4892559
8769737
3975919
261173
7001547
6403916
1401156
9045941
8550726
9490282
5992981
4525672
8968639
1091998
1443791
5288004
6047186
7713296
7870744
9150959
9641605
6560162
2507493
2705896
7528832
2157515
7562025
520138
5464404
5573996
5851725
8735437
9978936
7350137
9683298
1636647
1053780
4649045
4172338
8594493
4787675
2119123
2933098
4490468
9113336
1911570
7187147
3431007
5131578
6128254
2286792
4217274
9945250
1249150
7063141
3449704
5082278
7433698
9091637
2751681
1523784
313960
951525
9630401
4535994
8336147
1706356
3152401
9960221
8053308
1281168
333096
3951136
6450263
305873
8253966
8761495
4281918
2839069
234398
8702459
7555038
5403823
6895438
6135405
1673659
4630496
4452068
9148767
6962100
2559645
8579782
4778471
8552087
7010872
2037979
6849303
4092561
8210421
9850069
5131155
7498849
214824
2890927
55045
1576749
3531960
9201805
7098706
7301833
526643
6840655
4373693
4163314
826182
4772891
2258909
5996470
6928725
7502024
7740500
8876689
7255575
2883651
3282750
5256353
4783533
7758292
959760
1377965
5840206
1958141
3856021
674436
7796991
6940231
3449437
1639850
7217629
7773741
2758738
6248492
6950900
7876413
4500042
1403075
7182866
7826730
3918855
9584364
6755479
7928317
62114
1116364
411735
9414886
9315601
9676077
8760713
5418636
4410774
7022358
3915603
716730
5572837
5453020
9054251
5114309
5772674
1019985
8424193
6866155
3714452
9311478
4687729
8242800
6779732
7624599
2354323
9305776
7634177
8562176
5032189
2662172
5847015
4440911
8127229
2796616
1721819
5945208
8924926
8058604
6449450
9353598
2260908
6931840
8093224
1153442
7156793
2858940
9633394
7847778
1279990
2908422
4366304
6327565
3109244
112260
4491725
7223831
8946353
2904203
8828509
95289
6672817
7784375
3702341
4767467
4721946
1540670
1307699
4806678
1880525
2975905
6262734
8856528
469972
964560
228426
2954227
7534547
857256
4577412
6675748
7440896
6083361
5009036
2154965
1191613
2748291
75178
2396494
5235044
435517
263568
1330798
5652541
5999359
344984
9011279
5477315
5252380
7110279
2952691
9584546
2292012
6970816
7261602
1315408
8935546
6768425
9300260
3061372
6933957
5593187
9522518
7485133
6584829
4653515
2376701
2547661
2729262
8118379
5852638
4678816
9080290
2470348
4837517
7119728
6906263
9401996
4405759
1380504
917928
8105486
596891
6648711
32351
3331254
2763185
2083131
6927367
2403310
1567817
9687254
5177215
5224592
146001
3222419
904177
3125583
1115390
5580256
7345406
4048674
2555504
7953117
837805
3203858
2138685
1673618
2988536
1260157
4009286
2457862
8865447
5276756
1436014
2328092
4052664
8870557
8095355
6326005
7721507
902098
5471939
491605
7163184
1125821
3288951
9721382
423625
4710457
3437776
7982709
289031
2440847
2059348
3912211
8958455
7751787
2593729
731716
5053964
6102330
8115419
1551819
8424221
1636031
6275639
3750417
1488971
8916222
3467070
8320172
5893646
6089578
1478436
5395156
3843912
9112953
1167285
6635466
7388629
6974793
5716144
8222395
8259025
4961838
2063717
8043276
1216955
1618860
5680980
5169594
1788889
9360827
1414851
7376974
3564643
3963665
6258969
5173688
3587756
5008434
191273
2344140
9739061
7828671
2653468
8900919
8739074
4107841
7472400
7210686
3744033
5158174
7646789
8046038
3498653
1994055
7622371
7744114
5620597
9776189
7563115
8762473
2640621
6167781
7226973
2045592
3436088
8979383
728082
8960368
9755902
1084050
6261358
2480898
72335
8768202
165331
7686876
9031901
2070122
2583597
722865
7624274
5658425
6649049
9634095
3480643
1236563
309084
4984290
1507184
9699920
8549169
4169639
493923
3411448
2164230
3371992
9768599
1643382
3922663
7428863
6027755
7665810
1340086
1945533
3859924
3015063
6415820
6980665
1210878
6056406
6804593
2753799
4352030
593256
7761430
9153135
2717095
6851771
8282467
4891382
2652937
8646572
5067784
9332789
3640505
3316446
2277164
7664405
1498228
3285025
4051939
7024680
5226071
985032
513012
8486034
1393278
356504
9715644
2696764
2378078
8787395
1140517
4066373
9470650
3466761
7221375
9772123
4862651
1081758
5675731
9543708
3520276
5627904
4275136
903767
5300754
3290515
6082783
2797034
655733
9826267
4398378
2196454
11456
7143318
5433143
3394259
4729857
737381
6768542
6916338
5302260
4634808
7641851
203543
5653878
9959979
2487571
4852777
5620528
3677604
558322
7050947
8734592
3998650
2539304
6478501
9246696
6076738
2548468
6485426
5564293
9481656
4685040
8278175
2671478
472728
136245
481389
3139074
6533190
6995591
3480743
2672065
4337933
7206890
7841406
1881255
1493106
9066328
8205091
7005757
8126327
856096
6914177
249038
6718123
4012308
3456268
5224251
9152270
6322552
2185900
4210243
1563841
9487746
5873603
4364644
1881322
4205876
4606587
8017268
9879483
8258537
3315544
5674066
3310553
9277756
8251200
214279
9917126
3088955
6314671
5937674
4239072
601888
9380173
5396794
9929899
193195
47520
5587928
7384271
165571
4119036
4376498
5838740
95101
9570255
964633
7912826
4936753
4499821
1651158
2047845
8728117
3148481
598326
4333481
5328184
7016491
6957360
2604945
5612032
1270127
2663100
8293693
3689599
5858011
166179
5111171
2013469
3173801
7042130
9528295
4897802
4674670
6983196
6401679
9511076
7362659
5818144
6724885
2303754
7610413
1590892
2184299
4111511
9259606
6729103
5800935
7867602
7576662
7525117
4775535
8979957
4296580
5423648
692305
8638911
280661
8531806
7820628
4163882
1107967
6239204
5814166
7823563
7940394
5508836
1354932
5355672
9437534
1343031
5835810
5438935
429778
7394970
356469
3327182
4949320
841357
5822379
7116030
3132639
7580484
3261519
4533605
5208466
3368313
7273131
1915301
6549693
8196972
6734182
4824401
2581300
163086
2096220
9403281
27602
1472234
381880
1823190
2089698
7533660
224849
3368815
2143126
3838422
7282361
5416892
3512102
5689704
7650708
9864894
3577539
5096337
2800791
8113498
7670551
3334957
4871545
3006983
2299494
7471139
7455063
2611815
7353316
2220008
6081302
9821944
3439772
6974956
3336655
801559
347968
3367086
6511734
9623119
4399051
8894978
1750599
6930885
5004315
2757273
9321921
9297652
5807014
7643601
7303004
4446759
1986232
8170391
3314329
2109289
921540
1364440
5346107
5434971
6896544
389113
9713087
6728341
4051092
8143000
9941843
5509936
5475523
7533900
1304918
3157975
9201451
3139787
6206073
9889173
7855650
7371459
6923283
2181451
5634745
2786777
5644369
1328570
2283167
2474697
4862383
7125051
688001
9068783
8782990
2443118
8400293
8585707
9940794
9169541
4608542
6852253
9733437
1667015
77304
7858992
4097795
3682569
2278988
2590725
8508316
2451691
1209250
1837984
6231974
9607046
3719677
8843644
3844067
8819626
176289
984563
5453810
2310780
6888354
4172494
8965
6527007
6092762
2455448
378819
4535476
7876386
4669873
7533903
673301
4466913
5730039
7471265
9343504
7344220
9316542
4540208
5720266
7192053
476905
6986820
6143353
3606749
5542955
5975413
7060481
3441622
3530404
9845326
3048269
9831271
2383665
8560338
339265
9669448
99187
7117968
6580369
6564867
8338842
6514694
4495708
2956454
1952914
8272114
7717585
720645
9645634
6347512
6666045
2100762
21382
8147510
440280
1546588
6338364
4461410
9991975
5349366
4671590
222600
8768973
462025
3924981
9864268
7727907
2249307
1084463
8063556
9003153
7319719
6520022
7138464
6460212
8053712
4659368
7287325
2816897
3579696
4757869
8286107
8875004
8953894
2458257
1815406
3165023
5085538
334142
5760255
8330577
7897629
810003
6874259
5701076
5763174
1867707
7862552
1711197
2466513
8240079
869395
4419846
9497619
4711359
8962394
7208979
5826112
2207259
770489
9677235
3141772
8979215
7710824
1806268
3661739
4162630
3923032
23129
3526062
3977591
9480160
4743819
3075255
7388602
3845993
7592076
9012817
7796127
6425229
1819761
7585640
5210143
5450561
2558462
9005799
359487
404943
9889925
9684657
2210577
5264066
7114091
4397530
6457701
6575108
3942012
9715736
8192965
6414812
2367424
5992436
4516269
4238707
4744621
9700769
9821655
4571483
2996481
6115867
2859178
2564752
8882877
7587208
4964190
2332609
6963763
8119716
904279
7553443
3160839
9006736
6742811
615387
1962507
9423146
3965385
9309792
7549645
5127672
8451925
903597
1467374
6291233
9905973
7307952
9574439
4421167
2085916
1810644
9041658
3332541
9049940
118149
84752
360993
3651032
1711160
8285983
435838
4126369
4279166
5583049
1338114
3378267
3455343
1863361
5655228
8604064
4267242
4747979
6651835
382913
8512054
5831869
1669998
8312873
2715674
9150653
7087831
4837749
9333642
574393
3047140
3221301
7897320
8268868
6636354
8477235
8060375
9024323
4027356
2721922
4080750
8993627
8823598
9406449
1698627
61378
2501493
3718924
186964
1486636
5120998
5200449
8599079
7422223
1586225
9613263
1057555
8395935
9253806
9243351
7905757
8455446
9799162
9564987
8013370
6873128
6134393
6140822
6409676
5264022
565290
5668626
8515831
8249487
1140676
3973712
3377667
5912139
8246609
8549197
6450625
29125
7322030
1896650
7583886
5857991
2630480
5917905
592679
5072185
768089
1612663
6761649
3064009
7383868
3346895
987963
151140
9300728
2638182
4174977
8507994
9799060
7086547
2952033
3369496
3228794
9875053
4637939
6293539
5575040
3694727
3003462
1792518
7169025
3119583
8696543
5720109
5944977
5747919
9147620
1408445
4422603
6779011
682405
3122581
9394853
5722116
51822
3551555
5156845
8679993
5709035
5101895
2270011
705230
4709003
4007152
2713531
5627353
9947825
1622101
1211326
8816168
4350711
8330918
2264288
9500036
1247201
5296234
4768600
8519897
3904816
3929316
1422663
2490727
4470966
3114188
3425562
3820988
6776297
805753
5081894
9250152
228797
7380425
5374376
6746082
5853051
2762266
2799831
1682518
2749645
7417174
2084794
3608055
4964304
8203104
8029554
7655046
2120224
1016730
2227692
2663338
3675587
1550544
7196513
2610706
7724275
4621048
7597221
6038333
4870028
7002846
2076953
3143294
3134118
4934639
1656976
8651147
5536586
8938209
9120110
3840043
4034769
4095306
3478573
5492353
1046518
584701
9301089
2628189
4389049
8096671
1915084
4612728
9944239
3284921
688595
3169134
7712905
1724226
7524885
8337555
6595638
896180
8608399
2108924
8308539
9306739
8836295
8835042
4006670
2869458
6209719
1424639
1279517
4157970
5899233
2902740
9698586
2552864
8833398
2647244
6514350
436609
3528677
6704887
5044272
3562006
8468234
3392705
6176327
8685881
4406163
3709279
8409137
9952838
1765268
7301018
7299928
5108780
3572898
6356893
3268830
1076006
2702972
1195120
325403
1935727
3326654
4226615
579912
3858328
1352417
7079773
4627338
1764914
8470728
7075351
3703470
2360840
3906464
12987
6328823
6392570
8142720
944941
1947737
334803
1650244
8867467
7804012
1873883
549679
5258581
4117269
3998873
6199448
1640442
5538179
9455059
9664150
5952661
2537198
3884912
6774170
1422958
1329015
8389205
7461101
681702
4578555
7172000
1859371
1781945
5605651
7531054
3598113
7081356
2516100
8670467
7927989
4133206
183681
9519195
1941730
6956767
6509108
3085291
5996495
990454
7768103
1248150
5341397
8439169
7104580
8507707
4345772
3253773
9244546
527959
6299071
6688038
4774086
3147871
5164307
7157815
8386284
895860
1862472
3424332
6180360
7396515
5858303
3137129
3895095
4305525
1608569
7979522
4265365
1767805
2863614
6260297
1353311
7581141
1854766
4458998
7728454
7044472
6744740
8485176
1266381
6049424
1275801
7185510
8769321
972573
3620257
3802429
7958652
6627141
8639167
4456978
5254141
9879552
2707397
2873878
6579196
2074421
5887315
3563181
7474733
5613410
5313925
336500
5130434
578734
8177311
8988485
2624568
8719985
8737629
9743753
9907028
4435044
114665
8226508
5323429
3563420
3252884
4155127
4969478
7613166
7093072
1392909
1002298
3633092
8124827
210653
1779758
8032284
5347698
8301933
4023350
1308071
8116942
5906656
8860426
7583960
2577014
2093464
2493812
9705901
2145368
9496810
4797095
1997095
2334266
2860617
7417423
718371
6476250
2024911
534755
2567107
7183361
6915716
3835550
1308540
2502283
524065
5092989
7827182
3184023
4821640
1339769
3005453
5899300
4719110
8012211
8789045
3362079
8982173
8154123
5776088
5604050
9570382
7920669
5849684
764213
3766457
4804063
9693128
7634062
8211111
7999835
7599190
8118110
1799311
9222598
4536002
3118229
3515758
7246893
6761083
705289
4803054
8670430
9599279
7812800
9868712
8422080
3377691
588905
9120599
8908411
6417650
2787004
7012905
2602044
6037421
8425326
2747114
8623082
9835473
1864575
9135844
3702551
7093334
2351085
9689259
1868580
5231378
3374869
5156716
2532866
2892537
3675174
8426712
3210120
9902365
6230031
9089606
3633150
9335406
9489404
9848890
9147981
9604705
6104659
648541
7567222
3646543
3063631
6185711
8281224
6605097
2128233
7324905
3601204
972136
894178
6568501
9812342
3624235
535952
3109001
77590
3570225
9535904
1325620
7642496
7214611
6483068
7458985
933382
5317821
8384360
4878975
1372840
7151339
688066
274838
8438740
2575139
4448774
3894290
9278957
7531137
5644753
4876001
5724672
7183681
4482560
4046532
4423839
108533
1745001
1136283
1342778
4207400
7241216
7578428
5825295
3978217
5576833
6087440
1155578
5415493
7004716
7165686
2765982
9441659
6792573
2213417
2117981
6709899
6116392
3206208
7324943
9122253
9234484
4590225
5843032
3960956
9712429
34117
8452217
1900928
9741695
5271089
8141330
3992159
4965395
5772119
2624158
5026967
8356533
4082587
4107361
3701888
7641775
6799135
1444396
7000342
4541068
2137306
1049648
8102425
2773041
4256452
266224
5151028
620577
8666427
1906441
7479976
7285656
4434734
7541067
9083013
9906738
2440786
9874938
8838097
1426054
2036426
2014632
7310216
7402202
1309746
609491
2353923
3756965
4632940
1866684
9903666
5844042
7632872
249731
1882724
9576916
1924323
7999032
5115359
1848174
7964317
8226321
9805415
9325421
1340421
2098033
7959055
6247185
8643061
5952586
9619550
4548717
5638475
24609
5872419
1463966
3696714
8169351
2979907
8640656
3314650
6591090
9350092
926493
3735851
3862608
5036564
6314284
3860445
8599336
2029643
6639534
6996622
8722864
7233598
9402630
9706914
5049126
9174711
6371863
6079999
3010775
3960005
5503130
2206207
5961694
3844103
8333867
1660295
9088117
5039026
4012167
3612335
6782406
1838088
5654335
7731161
941261
3813527
6612431
4835755
9359374
7000424
7838169
8933200
422201
7739619
677639
5906982
5376108
7488097
2209389
8271110
1584836
5741854
2362300
4582076
8680475
9594206
7668796
8093563
5030475
73532
6791988
2535084
8746280
8030918
6734078
4278595
9387426
3131784
7585167
5215769
4159799
9134858
8893635
3892962
9088480
9731316
4772839
9989744
6195835
6033891
4080692
8681903
3608256
8419158
4411661
2239318
249353
5394359
4791324
329676
2741114
6421161
240495
8474932
4811453
5787849
4640808
9200308
9307230
6751326
2186888
4576214
3489132
7083825
963219
8738279
4509762
7129658
666651
8195331
9286956
1122362
7001180
2572947
4132489
3956218
9290074
6794009
2662843
8496927
4308070
2201812
4874627
7509733
5788068
3181818
585904
3030054
6724232
6719404
8848848
9951204
3942349
9299237
4679953
4909188
6792570
8900248
9799684
6275350
1540021
5053812
2674356
3565873
8113121
167958
2560652
2525066
1634111
5644591
1644673
3525270
7222683
7189943
293748
1777535
9806250
6722018
3273977
5255922
4064275
2744454
987740
2375365
3185021
6656071
82340
6533159
3939583
7114459
865334
8920502
6482784
9053943
2184585
3938490
3991837
9708798
7838171
2612418
6417842
6519723
9436916
403075
5079706
2824093
2019408
9369325
9186233
1837878
6915336
4793218
8183462
8114462
8611604
9610315
792937
8775327
5108859
2080836
903514
4535186
1800091
5181926
602007
5822655
2587454
6871843
2806144
1070524
7608988
1404918
2267188
2740617
7959555
4307195
4259478
3246628
75488
6735686
8576169
7612102
9139402
8667667
738484
4965873
3604581
1744499
1793306
8754869
1433653
9139377
9548948
6718612
2248304
6477647
5727117
5350357
6788895
9044819
935410
2875142
2198672
7992962
4315322
7834707
5591004
5985088
1801781
3823032
4032629
7733517
9439781
7028910
3893405
4354423
86048
786816
2591074
6271648
8175370
6352722
6667366
9207590
1384359
8783480
2551099
1912106
1593852
4571853
826271
159623
7934725
3429650
3861773
5308557
7350146
5006526
5376732
9171979
2982675
9929539
613260
7558769
8198220
9045579
7539548
4834527
4164891
8337405
1597222
9565620
754260
4281835
1380039
223130
5301484
4574916
5766199
3782309
4300200
5874002
9710574
3409846
2080483
4575760
5352134
2637917
3869873
1293695
4086208
5477337
2918636
3277773
1824897
242727
2070363
9708313
