5994302
7899673
3326258
3955786
3797091
4017875
9160681
8892919
4726747
8565450
8683199
9819344
7515928
1772713
7298468
5953646
8138368
1123427
1238171
9986863
8827420
6950715
5442664
621016
6472047
3282192
1067538
3711782
756687
9611692
5682706
1752981
3156912
2957010
5769319
5647658
6148287
6561259
3989922
8071312
7298763
808734
4377208
4052121
7438576
2025933
4028187
2721597
6609398
3585385
3079748
8334225
2483102
3666124
3083476
7254832
7837678
7466385
7493236
3410298
8001567
7552820
9717700
490224
9937315
7888635
8002833
269172
3078480
9330063
1506855
5111557
5989664
4289317
9696208
37173
9618493
7557912
2973511
3215602
5990163
4033752
6762737
3404514
3348251
2379996
298638
3244507
5811682
4164879
170285
7246888
1765081
7100270
6226855
4949636
6082229
1973223
9940269
3935219
8285200
9875964
3901021
899837
1496101
4397527
8923381
9908720
8936611
4576905
6001853
9511255
5718906
3308501
5973174
464560
8543958
609062
4365300
5510668
5832460
5835235
9646242
7357911
6738832
8987828
6257178
1435947
4603316
2403181
4400218
8614237
6277355
4052785
6558367
3302307
5912619
3966165
4923231
1045265
6201372
7397256
19569
9797003
622759
1737888
9702736
4721772
3952620
1880166
2354463
3874353
8542650
6758926
6629269
9072589
4477856
9673443
5310861
6416199
664165
1507095
8177300
5597009
2334402
8366798
4752541
1379267
8023796
6573316
3029824
4064918
6207273
285051
7935223
4368526
7083469
7975666
5480522
2322472
8046563
5646205
7644210
9027447
7680943
712179
9169508
4476554
2953917
387649
4918232
4095678
4749859
4611476
1867256
4883024
3886596
6921935
6131972
6955305
9067892
7998156
4112596
813454
3568857
5288376
9092291
7907894
6267529
4046888
6175328
3166445
309904
1480732
8442180
6836769
1871134
9048938
9908057
5499799
4809152
473407
9504389
4866428
7858911
2031747
3773049
4595324
4130605
7729607
3404414
399927
2134955
4711067
6536685
4218770
1691626
2554104
9469374
2060439
3292166
6795137
2826888
5985573
7256110
3226776
2534996
6207786
7091262
9588955
367093
2997784
4286062
3157794
6519512
3453144
8729337
1362720
4107751
1303592
2351993
1420321
3849370
3747073
1715401
4682668
4426522
6875313
1009945
1946190
7177458
8916404
9376772
2348802
6336930
9398670
1725720
8843305
3517769
1023532
4006164
8187628
4977385
8112675
4110395
3048306
5517428
2347418
7399376
497000
230557
5972567
4428726
1246577
1507814
9826690
8403440
104856
7824976
5879408
6200913
524027
4848018
5758927
4555081
8096724
7072603
9945206
1907849
7734459
8428374
3366506
56615
7012589
1991455
4162473
4638433
260784
2936048
4393821
3715253
7820919
909266
8746649
4156327
6813260
5195009
4450024
3923163
3366770
415269
4259785
5566930
6412446
5714296
2308937
5394910
498861
8109601
9114783
8399279
2382506
8285697
2208232
1351332
404775
9834395
2342089
9897897
9430744
5160367
3268278
6132283
390554
5039493
6368454
9422677
3163252
9781222
6607566
138817
5104363
1062069
7448829
220010
6483314
441268
6214929
7186956
715608
3474063
4636595
546896
710900
172610
8138890
5992854
8297039
3615239
752141
2317822
4230368
8439250
6863866
3749647
5464865
3486505
1741977
4665431
5001267
7920864
6236816
9759077
6480370
6356024
6580646
9947644
6732118
1516580
2516114
3909054
7978634
6609997
6307935
9494543
8365093
933346
7580656
4895508
6156214
1311546
9577099
3064027
6193159
2972971
6136463
4424931
9763842
1048020
464046
7280344
3153110
6194796
5252621
3359997
4555377
2574881
1691770
376816
8372237
4283783
2797657
9282184
9114107
4602955
8398829
7447914
2041643
7972717
7940862
330548
627708
453087
4490689
493525
2095938
3462733
1709061
1954379
6640232
7146473
2678121
2899827
2608554
6974428
1831026
2191114
2813382
3299545
2669915
7251697
9752575
7996339
6528975
5243046
6231820
9618236
4946299
3011437
1260927
7810497
9713710
5537165
461410
5080507
2595193
2499523
2640179
3044954
3802808
6542394
9263587
1560051
9216164
4209862
1054193
2401076
2924990
6303810
5748625
330580
1283619
6047715
123706
2501241
4505847
363772
4007175
4279762
7061915
2659101
4194202
4167794
5420283
6985159
5427598
9643035
7364181
9121642
3581673
2453040
4154615
525729
9890391
9484377
1010971
8822665
9273549
8572879
7572940
8865051
728086
1668812
3582852
352599
3591524
8824532
4030970
6704698
269463
6722907
5493352
3731007
3925735
4897783
5970203
2819567
7329644
7899872
2048043
4350111
7318316
2120908
7257534
4711752
7480479
1810327
9192909
2390680
7009738
4163108
5619723
441424
5274494
9621006
4554862
7343538
7350435
3942202
2882385
5695547
6472769
7612398
2705450
9084664
2622106
7233856
6255889
8181537
5789267
5797878
1677776
3034052
8787753
6400678
2571090
7288645
7054646
3833314
2689677
1080999
8994296
6884366
9386299
8124782
9044616
8270842
8260264
7848078
6830934
9404470
6342029
9364281
1983620
8376001
2043117
5835500
4587525
1009127
8012991
508033
4702784
1723155
6935513
2334299
9461330
7433829
2689283
5051098
8992632
3058555
7520885
957664
3898462
9494197
2762798
5608168
5103052
1275606
2369726
9748640
5735979
152309
2183676
5828915
2035325
8241924
1506464
4137732
2920301
2116577
1177220
8371539
6696006
7515269
5035804
7037614
8185748
9662833
5024119
5829566
2037182
857047
4349058
6925664
2908711
2873966
2768751
7005944
7006627
7044783
5324264
2982655
2876845
6402445
3573507
5857674
8974200
7341378
1556535
5844586
9210624
3736800
3690840
6400800
9242789
9067095
6242578
9409345
4771380
9594112
1786539
9236197
2201080
5773972
5412189
8656347
5875811
2816213
4925481
9400232
5000115
3140680
9183427
1620746
3593153
7613240
6014383
4087279
5032136
7099409
3654879
7249508
8522808
8072928
485191
2186724
1696126
2979136
7526519
6706781
6447664
7572823
7766057
9800592
7655854
8421824
5013445
4027864
711175
4312694
6377644
9981224
1672775
1865888
7458621
8408009
2728473
4417132
3610080
1247358
8310042
1407110
2086542
7553382
4105607
2823368
75593
5686595
2550830
9586195
5301329
5353200
1866836
1626039
6208540
3487442
8924122
1183575
1180110
4966096
8620224
8181342
570520
9320814
4295818
3181304
1641159
9919679
3327276
585835
7474621
425022
1855332
1082787
6234017
6268091
2946560
3797009
8840275
5200410
9271544
9440600
2770542
2909064
2659614
1662147
3755645
6376718
8677658
4720232
9220973
859077
2301194
3985693
1573152
3601118
1579468
5056177
2775603
2467501
3653631
9717079
9208903
2023099
1108406
7712658
998751
1963837
5434158
6404922
7435374
6431576
4508278
2851338
326002
2657967
4993133
1525554
1308726
6699026
726623
9721342
2773626
6435728
4403726
9211951
7310730
3994190
9051146
7774756
3944861
119137
303860
8832382
8651223
7629768
3189998
3219976
6419292
1682857
9021400
5239387
1442063
2518101
849765
1953390
1247604
2077972
1798485
2165000
8653650
9093775
5812525
4901403
9887351
6095955
3199875
3893776
6860468
3229888
1380767
4418801
4431837
775525
9313905
9139245
1765099
8724988
8331293
5343690
8901053
8993872
7070928
9687742
8941580
8370797
1918511
5723372
6090010
9629736
6442896
6062559
9547902
6964354
1576118
6967014
4325695
2301871
6629329
6345305
4269948
8687186
7837964
9046375
5893130
7700191
2424785
4880203
1243994
1201128
4851680
3861927
5708727
1041968
9734244
7048382
3608845
4878228
7218619
4224497
8406166
4910840
6107637
2266068
2250382
6967976
9955717
9020531
666949
2686641
5873000
6731064
8325712
1437427
4482457
8620592
3680743
6505320
9982864
2631775
237212
1089106
3915107
818370
8431357
5877427
9215167
8278579
1361459
878161
6841406
2652259
7532948
9659795
7140321
6202586
570498
8937824
1215350
1744133
4250035
8826589
7191971
6097423
5595010
3196227
375036
8950640
322083
6727001
2729093
7828874
8211568
7977778
1466989
9267586
9618466
9292479
4198557
2192064
8489931
8058551
8545479
8168713
665895
8983874
2652377
5225527
5090100
211597
4692750
1323990
7835330
8376587
2591002
6613092
5164643
8162020
8664430
8450892
8867542
9529326
5567313
4883737
4964048
508823
2419775
1345952
4440221
6886515
6854060
5555484
7415063
6656728
7128001
3952402
5809241
3012134
8018719
9215804
9196250
6085459
5362420
3061256
9213494
2217065
2007974
1398606
1048789
9301648
570922
6673182
9065171
543423
4728604
9217488
5400202
3567738
3513647
761106
890144
4176821
492643
2953862
2532140
9096221
5866601
7112296
633039
137429
4908504
4641029
4767012
6605792
3553077
9827017
897855
766373
9841904
937491
564318
3755020
7879320
8456534
9567369
734056
8311676
8175929
9057043
1808844
5723521
9709694
1733759
6162944
5150124
6077318
3537009
9791435
2630386
1143895
4574426
1300853
1780591
5488140
2573080
6528989
7748125
436875
5781876
6664061
3411067
4078902
8532284
5069532
6523895
7396564
588611
4321640
3882216
6696166
1612891
9394091
3798491
4719056
9697147
8958324
5115700
1950828
7805381
850665
5246462
537141
4709096
937778
3451463
3310358
5902851
1034418
8669632
9429170
2479712
5655513
8453125
1960835
1995055
4147163
144203
4949515
7142851
2278750
695777
4039928
2515065
6943280
8899287
4104383
913014
4025435
7913340
6443762
2101227
9612747
5676970
4522890
5416029
7517187
5819074
1338043
4500575
6762876
6470938
3208816
726086
4571930
4957727
5533309
7884025
315769
1162694
4154168
5534689
9958957
6510831
6096
4776751
9895121
6883716
7156291
9551277
7403116
3734592
255363
5082871
1176343
1137883
7766866
6058181
6133161
475052
1104920
2672122
5578934
3143854
7413136
9623624
1848637
9137062
9960035
4899245
2436238
9471414
5825119
5585855
5842902
2728625
3772245
3630725
5635565
137702
9903419
4426166
2300991
7157098
6635795
5108948
6910280
4436560
9830434
6425104
5535225
8003330
8595176
7464219
8200674
9591932
3103612
4831067
490189
4687444
5862503
2153631
6625374
744148
2378318
574767
5212563
5300867
8492910
1042887
8488599
4494643
4393490
3244833
8787004
102863
4444347
874477
791642
6241620
2601694
7665898
1866342
8294195
8159690
9487786
4119991
1494699
8955723
5441018
3963403
9970101
5071644
2400773
4190664
1871093
995782
2444874
7815088
6162435
2871620
8483813
8983369
2567507
7572398
6843661
7125728
5025389
3527994
8496320
2285000
2655952
3231964
9146254
9958809
9891503
1631983
7968236
9790849
2683934
5954282
4016521
3641873
1790710
6133943
9907619
4752917
4936813
9212254
7012688
720060
7551865
4343664
3233998
2604077
1500320
8630862
7244048
3957490
8741719
7990318
4593707
3674993
6742516
7723128
7805856
4637991
234016
8456431
3037978
7207384
9629437
9460796
9375258
3453211
7113455
2818449
3363673
8753069
1610818
3255334
1336680
9296366
7660792
5749033
1639338
4640641
2338175
9225344
8537747
9876136
8433971
1060921
7275663
8306925
8591339
3504824
3614733
722561
5959646
1723827
2243905
1346665
279601
1193916
2599213
6355871
396131
3989622
3167434
2723575
1627981
9549257
5809346
2081609
3513361
6061435
1458599
4503081
5741298
1319053
8726942
8564525
254980
22340
1514632
5763537
8204296
5355648
7267470
3029094
1247975
336435
8071706
2946959
3421693
413222
1712133
9183044
1102324
7337489
7254490
3115128
8110783
3741774
9588584
7085849
3163352
2583363
1478863
7729255
5534175
8704551
2230064
1146786
9013817
9572334
9947898
4092001
7194004
1210231
8115203
5083604
8048663
9515733
4280452
335110
3499642
5943940
4603923
3335008
9058634
1180041
7524204
6800814
860911
545976
3843607
4024447
9882553
9806344
9613669
8416076
5355801
5418455
9237775
8651956
5174730
2914360
3305501
7488537
2392405
3406928
4106458
2555443
514521
3160710
5671237
6971929
2412199
7162269
3343042
2788282
2768611
4563825
8097598
9202334
8332498
3749670
2712894
9983554
4448467
1672734
1489220
1534728
9566662
7971767
2710650
8499121
311588
6455088
9291664
7275807
2345657
4921560
6259528
698325
8184465
5883836
2756395
1688701
957540
921093
6785517
8901944
821800
3229991
6132769
1606945
2119615
2385305
599671
4772489
6174390
4601235
236664
8025685
762811
2614599
831556
8704280
4270983
2475866
1262330
5127391
996581
3514587
7506063
4840498
1493127
1488882
6849831
5146832
3882022
5885694
2047155
7098068
5215526
6651547
2167517
1508228
1454867
4215572
6331058
5183294
1696758
174730
7003116
8460329
36285
2680545
2116353
8215082
4983143
1366786
8591710
8925474
7885103
1144445
1989250
3734310
3576727
3135461
3385717
9292434
6956946
7128915
5724206
7581506
3359790
9221924
9402853
2753651
3540823
4578170
1950070
7277053
8837650
6447171
718959
8748323
790724
3935277
8932696
7691410
8551751
4899382
2334049
2067676
4532732
7288441
8354472
6439437
1413825
5317784
6914060
1435305
5024716
6778142
6321698
3877363
9647814
5971541
1501436
3675425
5691338
8283404
5843107
4094295
8411013
3113683
6062420
9887175
7882285
5749385
1208988
2457137
8448881
8107613
5060861
5611748
210089
4348867
8281791
9845297
8137087
7315994
3519134
2663215
1281978
6834843
2949653
3705491
5624550
7689014
3681655
8184892
7794744
2831166
8337107
7712079
8050236
2557150
4176559
2081554
416261
3181387
7294176
7246141
9595392
917084
4033947
7769605
9601347
8608657
2222050
4161083
7471498
5235497
5893879
9959793
31223
5539270
4147467
9312909
878451
9382549
8725617
3147045
1488264
8461993
4543598
7957004
2131253
6882806
9729181
2944646
6786531
3011175
3704480
5725139
3212098
5181588
2931632
8180232
4824278
9192886
2117845
4257024
2673046
8109581
3646878
8687939
4551234
8209291
7442225
814406
2503200
6419919
5130079
7598619
1378879
6182125
4526774
8433379
1562351
9483550
9526836
5882912
1745256
2607498
1681738
6432253
8241668
44217
3941553
423552
6235981
8688458
9116147
3863141
3196055
3464641
7063188
6451165
6314126
8647397
8129499
1446106
4714857
8337830
8823129
7098498
4817801
6028310
4023443
3959548
6487219
3642654
332044
2002679
3979542
5406717
3384235
6152559
231865
4471433
4608981
3921568
9148420
7550970
2237731
4195459
6397310
6460616
3992856
8141247
2392529
7344752
2044923
9329890
8895951
1942545
6285722
4009501
2789348
1513005
7061459
8824271
5808482
5910563
2450286
6406805
371781
8631030
5764249
8564454
2326238
3905737
5372986
8970418
6572014
7828867
1549096
5612601
7276572
9123781
9963354
2375791
2007792
7064102
1930580
7597311
3549580
9654170
5877919
2210281
4213656
3128341
8567517
8128404
9278846
650758
5318909
6100207
8972750
2282375
5948217
1576963
1644082
863710
6038786
5172521
4340793
8979068
1183187
5278664
9899250
2170012
6721543
3342089
3045990
30412
1223180
7857635
6790161
5665182
9302266
6383116
7857532
4216768
3359741
9207420
206707
2396880
8865021
8150729
9214957
2355300
236119
3960896
413493
8974317
6726580
201845
3189984
6910428
6505825
6548278
8525908
9684392
5533948
3010704
6072767
9888678
3275995
2116026
6794917
1942595
2592881
8740313
703179
410048
8124173
7570934
4539120
6943983
190736
6871379
1141618
862642
8612522
7787512
4115924
4286775
7703290
5274973
8883598
1080723
1937550
62835
7274809
6537090
21192
7030525
2415064
9655094
1667260
7929275
3387898
5278474
195821
181995
8017527
7047468
3439879
2608875
4388863
7842973
1361246
3435188
5541397
3480161
6688699
8780566
9451540
1964587
5812913
2447376
6355495
2227481
7856431
3475253
6755629
384617
6474112
6397045
5709872
7294922
8168188
948726
1238502
6762920
4363425
3775647
201892
9969009
5414762
4487145
4653195
7993672
2941516
703404
4203397
5551220
3979928
7103500
6181341
4710867
720521
407173
2073812
7430883
481240
4846888
4388613
307146
9801640
1011436
4922964
4201235
4356577
4150413
5396928
5482649
7420686
9294707
2193561
5234505
8168041
1060950
1278373
3662888
4793768
1564753
9805124
7923338
9232758
1451741
2533326
3604797
3716263
9632277
9330090
9270315
1741125
3056149
9836911
1165184
1247062
7769737
3670475
4876939
1755965
1830751
7805890
7644747
5464
1721311
4498093
4813840
1949547
2107399
3811856
1263921
9163934
8801112
8597564
739111
8401433
3522875
9999149
8109113
3195183
4798435
3592134
7645684
3056931
2510539
7823583
1312443
8398293
4381913
2656452
1625007
6224989
2051090
9269494
5510121
807616
2499654
9000432
6549575
2761401
6810145
1198036
3789921
2349805
5998535
8406374
6335706
9803772
9893160
3418880
6029236
3547553
7363960
3636897
7587124
141136
3445079
4791542
7143339
169498
1560850
984685
1681555
8574511
1409197
6357702
3546675
4414695
3257375
3192922
9759364
2588713
7497687
3110768
8189053
1070150
8268666
6861732
1011483
5110659
9768492
2048620
9942969
3686051
4011949
9675002
2322141
189702
5933722
6234548
4653553
1999261
2772435
1372982
4926915
9152576
5691226
1295251
7676899
7557267
5101663
5394867
2459415
8668548
1759099
1479504
693595
3313719
4701567
3120920
2870767
9890597
8597994
561427
5255719
1895594
2916485
1775121
8212646
5724505
3061278
7955584
8356015
7876818
6656640
1365380
9262179
9106227
3941984
1860480
1327678
2542829
6944452
2062496
6114054
4022009
1892140
8003981
8347545
4259910
7480613
1103363
2261786
1550177
9847647
6764415
3816294
3795241
9801962
451567
7905370
6348745
8410764
4378965
9419854
6981515
9003185
5565957
4523029
1389185
9128248
2823338
2103955
6392343
8850245
2930568
5891584
3444661
1493772
488872
6007515
2380332
1666160
8685257
2339266
5412896
8726683
6862438
8347717
1940684
721450
4467487
7922486
7856894
6031863
4550240
7883332
9285056
2840205
9979398
1963039
9833992
7250038
884426
2179721
2535723
2197883
9755170
7841566
3398752
7088449
7453931
7075823
2220839
3055625
3619361
5449154
558572
2424732
2507018
6549120
1150694
8679732
6829888
819939
729196
3756004
2842926
206120
9638441
1936466
9159530
3111911
7757290
3422009
696711
8156454
7305620
3876879
4323951
1129088
3720657
5295869
2111607
2184529
5618877
6740960
7028843
625702
4128260
3583526
9220053
9733606
2052337
296699
9840417
7312320
4773770
3022899
8631577
4555781
9484947
3678196
4513470
9679842
3818181
6481053
232781
5609537
3005634
7980035
2003116
518401
2095501
9827170
6888325
3354278
6216990
4179215
1635052
60548
9594590
655280
1187727
992960
3394741
2451350
6055497
5278857
5312489
5197063
8291892
2148238
39625
6231411
2298531
7870097
2822790
8076244
9299377
4011697
6998631
1684647
5321535
3789696
4180642
9145255
6595101
6464733
3251581
6589365
218430
2082675
1678419
8910588
5562461
5203277
8706175
3934649
2882049
5284428
3753487
9786030
6531306
6442006
5019060
9591884
4675766
1525326
3422342
6378430
6302630
7122360
1659204
5912280
2324016
4749926
5101337
8075898
3960613
3024408
9404285
5584145
6974002
820197
1811547
1963513
4936747
4258066
4176695
69285
5036392
1046980
8496328
5241477
2836357
907469
1197857
1051390
4612417
9061545
5575308
2856492
5935857
9151739
8514988
9862424
6468316
3946637
7553027
1093683
3626973
8935653
2984716
6435631
9365753
5706990
4410798
3501976
289688
7122811
6624358
5259310
698432
3826703
4082609
8809408
7482833
4270515
7611168
7117390
9208325
6811642
9299843
8255011
8980791
8595448
442853
3297058
6274866
4536123
9014535
184938
5963310
9857760
9463300
7271004
1119454
8781466
320312
2672377
3711078
8036590
4163639
687206
2099682
9074682
6284122
5072612
3622337
3155627
1077300
9299266
7917256
8244639
771082
9271508
2621694
3117291
6052213
563213
1485378
8095080
6384358
2545997
3922139
5472199
2494622
6005490
2632473
6970089
6877734
9976110
3202697
2367627
5264104
3319773
8962344
2523007
4823895
3701922
4834277
2340631
3022773
1022999
8083154
4631312
6829239
1819656
9033093
997325
8534499
8966365
4756580
9123025
8445178
1237518
6969580
6378855
1919269
9613568
379403
197497
3549824
3355064
6647220
8934368
5792756
1668448
8482993
2277751
3060802
3759198
9322491
8133303
1648874
5702912
4235866
526711
1990471
5931595
4320718
5947307
4762653
1529277
1958059
9389675
3476073
1563105
9082648
2218739
5856889
3986116
5262401
1324161
2351334
887934
3508223
1539854
3238948
9904720
9498607
5063350
630994
8299915
2507424
1214882
3212655
9564759
7664299
6791159
1039575
9823513
4064431
2904856
843843
9066714
6806729
7731725
8209102
5889494
3601223
8389476
8955712
3412849
846407
6409802
9806513
3910393
2697238
8021294
8912873
4700593
7658972
4280877
7717579
1323411
8185823
6894827
8067264
4003209
9003505
612282
9862374
6274372
3127328
9724746
9499711
25976
2372962
1510629
3784214
6544925
3226307
2706038
9113012
7335983
4883899
3594376
8027611
4779149
9892252
7393048
8190845
1417178
1746897
1956938
7445525
7316251
1504832
4300437
4611978
7042340
559847
4271331
5697082
6190887
6104839
9888863
8673229
8035629
5740690
389049
3047594
360559
8972598
9795241
5899592
7980972
469120
3270902
7033608
5363151
7467706
3397688
7755628
371085
1219812
555084
1509693
2942858
8375988
8516329
2905772
1750448
6969857
1393101
7165409
611822
2928247
4181433
9814695
800988
5457168
6944333
5465254
4729380
1845811
7495803
9242741
9962320
957425
4514734
8651522
2799872
8728493
1328721
3265463
4605296
4727076
9690656
6643917
8593507
3665623
7472963
8012936
2815755
9281822
9019450
8311514
4621389
3140404
5746045
2998238
704931
4031604
3179907
408086
6704190
4360554
3532415
8746871
9784900
8578239
7638620
146937
90636
9867440
5195907
490023
8882942
2602592
360262
6350726
5221441
9881413
3210116
2809153
6346464
3284501
620423
9045853
4068891
7439993
4266032
8402173
3447411
4445264
9455890
1449793
1687647
7414762
5311213
2088745
7270502
8470012
2398400
6932166
931916
5115301
5207842
2618566
407633
5042402
7750908
1236554
8434202
167162
930764
5973998
7405865
2105018
9410284
2412246
1773341
8656566
1434761
1729599
6443744
2861860
6984586
1416474
4623088
7101983
839851
6557401
304323
8464332
8527274
7649021
582683
270099
4569765
3252325
5524697
8576053
1681855
9762491
4173882
2020021
2713073
9754272
3626925
5536269
1438668
5571653
4184325
2926071
9054854
4234437
5432555
840959
2573001
5830061
6978947
6098489
4126388
1588267
241123
8528164
5706899
2336718
7974410
5132693
5081939
6348141
7067855
7828987
3944659
7398460
3041009
4249731
2888603
6607084
7998521
5703654
5767623
7163603
8484511
4194339
7628703
6878464
7174836
8518908
6601063
3680653
6190265
6745752
7873754
1515369
372995
7870375
6838898
3207823
1834207
3048072
7579224
2077480
3243886
6922904
9343636
2164166
8155315
2357216
7132971
1028138
9481921
153136
8711192
3664836
2019976
2513183
4945981
7201061
8884586
3219553
9273759
8460095
2452514
9898840
9598116
3104632
4629044
1461259
7219385
9212314
9136600
8607699
1696579
4638586
626540
5819391
3098434
764925
9337569
3792650
3312107
1318279
7478479
4428888
4943311
8111387
4344057
9685151
8296927
2315986
148653
993755
5907748
3270971
9952458
8671866
1832298
6609137
847993
5398467
2323044
8805643
3449526
3212068
2225951
3386826
5670918
9125475
5386971
6518717
6345304
488910
6831333
1657480
1787751
7253483
580928
1405792
4826140
3445108
9456745
2579570
5933172
7864525
7486575
2893598
8313777
2981132
6128562
6686598
7310461
4230684
4422221
8927629
6571454
2638603
5866922
8401416
5377633
6318643
6081747
9928257
9288073
9432093
7712848
9517265
2948796
6551545
5047547
204392
3832246
5174837
8273561
6638396
3015119
28405
1455347
4173055
8052935
806746
7423452
6611953
4310025
6663140
3341126
4734253
3860227
694852
3640449
8789292
9668311
5899963
2033274
2286910
9876482
7428387
9662822
8609474
4164449
4791845
2629294
5617828
5874149
9426017
824837
8352263
5502843
9548832
6567068
271306
2201881
9577713
3130601
4551928
7786732
6070170
381716
884116
7685349
3378726
7806046
8148940
2239769
1106896
8541807
4986602
7284632
392427
395030
468493
5499758
8820100
4313434
8599438
481347
1883690
8315764
2989648
6261684
5938789
5119173
734039
5711435
7948674
6770933
6164513
1147711
999405
997426
4921137
5095921
1468586
7434106
8019589
8953239
7966214
4612701
4581906
675064
9466470
9123576
4299438
3551263
156126
5749317
2053713
559290
9450639
1202643
6060602
2007508
3400134
5739970
3370378
1391742
8614412
3562808
9720497
9763801
2940206
1021395
9741476
2022397
4359774
9259097
1800584
4231876
2276028
2990237
5564497
3418552
1160084
3435250
3971516
7442593
2134794
6112689
8433010
835243
9526349
1528246
9615220
139859
1601123
9173723
1227820
7038983
1792564
3608985
335074
6744503
5979817
5540362
4767670
6510460
60681
5640971
5683378
1043098
820880
6602105
5254544
7043800
9729781
6852280
877055
829664
2039439
4457452
6847733
9448027
9661233
7383708
7045324
3734476
7987252
8314244
7340823
6207229
3981024
4672770
8906843
660741
9912507
1787873
1395583
7627175
3313449
8061945
7725043
3617851
6522685
4160696
2842692
7462784
6928925
5667495
4697082
2379164
6016208
8844711
3287110
1799171
9744939
7133025
3922917
2334752
5377657
343779
4671913
9400882
9930144
8328019
7968824
5936855
2953190
5213888
286853
9764507
4635620
3033928
1047478
1866254
72397
5964124
5807783
6247726
3737546
6375525
7858287
4457849
2708353
6915190
3504300
7066991
5404484
428255
5688223
254323
1901859
650977
1188583
5632611
3114883
3512912
3225611
2093433
690730
5201172
8854142
5311041
9995320
966046
9657581
7794609
1797146
4667265
4671772
2816014
8123333
6964310
4445757
3082659
6347470
3825323
7895224
593125
8856011
922954
6128891
7761604
4105743
8802235
6445300
8283862
2028884
494809
7793141
8388553
7676211
327489
2169279
4483202
1469002
323781
4687945
9206048
6797720
1362659
9510283
7944520
8571304
1653039
2242800
7453822
1256708
4252741
2724753
8333843
7533965
2073860
313641
2418831
7237766
1290702
4071627
2664240
1745009
7442464
4877270
876473
6794082
9340944
1070872
9851951
7289297
8303328
1798228
7191589
9808540
2568769
1475507
8777194
315485
9573878
4529563
4288680
892619
4845719
3935960
1967575
1941702
7796380
1498673
4742717
2076430
9986411
4290341
9144478
9342579
1641280
3491556
6403035
3293301
9194862
7263262
9379041
5287921
5031154
1318068
2196124
3754309
8359380
2186207
7507737
9710397
7158722
8971392
5927883
155387
7804730
1117778
668585
6934668
4837976
3532107
6152521
7688864
2898323
8193363
2113908
1823128
6463890
7074841
5355894
1172041
2615731
4635204
2422380
3763365
7090754
423547
2362387
5688126
9731481
3063414
3237837
388550
2305333
25004
7712220
9569233
2711055
8323259
7601738
360408
6681195
4158542
9537774
5974508
5117475
8773963
3323574
7794093
9056418
2347013
8915917
7789308
5607833
7891951
1658858
3269538
8771000
7177585
2461503
4446013
3358345
8905385
6403542
7908399
6477552
8079077
2607566
512460
789855
3184439
8114527
425060
6237036
1814398
1263360
317510
5583679
6319831
9575376
9051971
6277045
1806214
5584191
48375
9386885
4397327
1035758
7299609
7771649
3448966
8492349
1627992
9389370
5223158
6591489
4815317
4340825
5730791
1557682
2479043
8760170
4642411
4654453
6256024
4596189
1469528
934758
5037887
7877513
2384611
2265934
1360384
8145260
4304674
4457405
4512874
1769920
5982898
1203105
1219735
3160459
2119717
8370216
7464617
6246733
3690653
3330075
2452722
1208
752817
1680251
8521223
9010527
5540671
4076072
3302265
7924025
7505543
8681652
8695209
4815299
3485320
9152030
5901212
1654009
3246527
6737741
7670792
7531168
8911309
3533578
6078777
4056212
5516701
276184
4820128
1678423
2057195
9437654
4689078
8372403
9911605
1018113
4548946
7069817
1914893
9982857
5689486
5118928
7296252
4636897
2054179
5229521
8731498
5629403
1589163
8291165
7007972
3088491
3685342
7253379
5186014
1255134
4481978
3449720
871240
7125470
1674640
1639336
1257621
384253
8689945
8262909
8791719
3678377
6630247
2799907
7422600
7377117
5330722
8177857
9290638
481414
5119168
8128784
997522
8234989
2774238
9148825
9597235
3889856
8940078
9814220
1911632
8058021
3723119
3093144
5846985
3690109
6252779
375100
5937515
8279289
846327
6462141
6302892
6199870
127155
3974508
4495617
8395515
7424459
6286490
7430553
9651899
4457445
8680680
8335894
2890518
6435833
1137546
9172964
3033468
4787405
9653024
8414245
7705121
3834534
5927913
6104922
5942732
5697425
6732631
311817
7314460
4747746
9795252
7236257
1234479
255746
7388983
4623585
6225724
3928043
8478312
4467648
4446842
5760749
6687079
9030962
5699900
3243973
5417599
6215897
2304986
9932453
8831933
3393374
6734184
9495530
6930994
9807771
9297999
929657
102325
3621335
6886682
782050
8987828
9295076
6236373
4468182
5366292
4964475
962334
63872
4151656
5583402
8742009
9598282
1684251
3827212
6637626
9593148
6996773
1544044
2560994
6994470
7781650
2009544
6758434
7856984
7225213
6643321
4112552
6066646
7333479
7644208
2873958
8119170
7029957
9936172
3236105
1150997
2692748
4514231
9739672
5815264
9864071
38740
6264109
1438061
7545152
9916271
7314077
6525875
9164793
8004451
2650994
6611680
1826398
788704
2393174
4954698
8697879
737090
4831838
9553831
3878389
966983
7733078
3647134
1285379
8215179
3228420
6114900
6739413
1690588
3369179
3236772
9403749
9491335
6204279
3646221
2643004
4187943
8219521
760360
2633723
8024257
8738568
2419096
831392
3013873
7783431
6007377
6863774
4586238
3721241
8655270
6261026
1888683
6022107
1462713
5091816
4122188
3196488
8277171
3968429
6071517
3494814
7665151
3740728
2904360
6563426
536781
1332463
815533
7439360
9898333
5967626
9199344
5870830
3566337
9683881
6937530
3895028
6699932
403005
8621042
5781454
3624247
3558801
4487956
558908
1734999
469964
4555327
5042366
7493339
6984000
3611576
6462712
2691721
4445115
2268627
9019312
2753081
6048238
539542
4586620
3806191
5567936
5842522
108626
3347443
9822163
8519021
5080631
8959270
1981342
3208135
9851359
761374
3324023
4306260
8536746
1379972
9713186
8994243
3553951
6551397
3623815
6558757
2555638
5922162
2365957
8285117
1874982
6699799
9248844
4436979
1968966
3709478
40383
4273309
923843
4368817
8401616
4516081
5390218
339862
1786777
6630093
3522581
9008632
7695178
7980909
1667025
2287967
1284116
9073188
7094376
6343396
1635894
344261
7080363
831142
317755
6791943
7691422
7726008
6919006
6400138
1681386
4315561
7678566
9904924
3522901
1852913
1453359
2191694
6137118
16133
1860517
8393263
3129902
8203265
6247844
7382992
5000838
544430
8619156
9680378
1409911
2498248
8391902
2321429
5470800
6374357
4631372
3643086
8768298
8981743
1439175
3083992
4049041
8753521
9579407
9379475
271525
3414327
7049039
4502551
9588967
4846549
5909119
8360222
6708529
5852773
5160349
7371940
9379384
3452261
6156514
8252498
7320046
4044663
2920758
3965766
5661751
6545880
8460787
8484687
7166945
6117210
5139160
1850761
2746365
4283376
9818766
4672473
5727997
1908075
1508403
147563
5162831
6767654
59172
780970
3309880
4243566
3897926
7658644
8568677
4152389
1174520
9101144
5389659
9031994
9006242
7188504
9168875
5605277
6525762
3622666
1469547
1638520
3525718
5380108
4271760
4483298
680978
4868363
5826933
4808491
5682808
2552818
3170702
8524656
4392823
3682898
6462817
6839439
9438905
8461645
420230
6694158
6239885
9025177
2569906
5664417
3662213
919405
6752162
4732189
3472816
3634420
8065672
5677513
4567998
8889532
7248783
3906852
112034
1652531
9864366
2551915
8616162
3052437
7370750
3855528
48416
3868336
4708989
360255
4248432
2067759
2016741
7008720
4714861
4176113
2607226
7587349
9553260
3209682
2067897
908866
3142698
1997911
2744795
7838241
8359944
611355
1976100
7482804
188312
4733013
7773562
2158478
4048839
1428945
5154232
834426
8823722
2207847
6768248
7466936
5235553
3587093
6090558
9033487
9721279
8526152
4378504
6381303
4161604
7696206
3772117
2206334
6913433
3518573
405730
1396605
2480486
5475881
192275
6131876
3034097
2409703
3673762
8070984
4880683
2501480
7950291
4030955
381475
4007101
5117438
804475
396501
8083295
6189323
502080
2847310
7463867
4144806
9804446
3282534
3106843
9034054
7871178
1092665
8225285
9732262
1012637
2782905
2918474
5659311
6838186
3602874
8414022
6508091
7167685
4851370
545056
4941599
2324632
5293322
3816420
6611962
7628127
3640142
5336534
2460960
9130917
4044114
2786495
4319364
5530626
9435631
2114435
6085281
817962
2688944
7481948
9804691
8890004
4633542
7702061
6082722
4037608
2963361
7261335
8359814
8508057
1755598
5640907
1339074
5263168
7367793
8785878
7408905
7849187
8573649
3668425
9811775
4080093
3095654
162871
8938921
9705727
4308419
3581908
9648990
2572348
6849487
1676054
482561
7919935
9774417
7354710
7242526
9842988
7064511
3446922
299761
2171677
3748366
3442011
4706814
8057543
1957403
6858351
5591213
8760994
8850573
700862
9314912
6948401
4610915
6066995
4296231
4715442
223709
1018334
4491344
2095197
7015241
3726570
4870951
5317456
940211
7605642
7529001
8266035
9229912
5442259
160241
8268034
4583544
9974074
9766281
3910036
5163715
629847
678372
9470517
8471353
6685807
1165649
3226621
8382467
122134
4366719
4131716
6507204
5371782
438684
2859325
2110505
3516587
7838096
1437850
7863043
8322224
9893427
7418433
8077283
2323745
6157306
1774962
6361455
9868519
18595
8578426
8361596
8468189
1693561
2614321
6419507
2183182
2146037
5869267
7725237
8753690
2872163
7172443
4650498
983860
6988806
3012227
3282790
5013341
5860904
9513171
5956268
3164974
5558579
8872521
322195
9279973
3375319
2084256
3729909
4461131
1866027
845713
5969880
2322636
4702499
5288929
1844410
8608694
9161290
5684672
4694418
1381082
9734776
8260896
3234500
681262
3471948
3080955
8536414
7527404
3322439
2062946
2132677
7213928
3002595
1577197
5350116
417177
4431107
172097
9114008
8654674
176217
229860
5211080
243057
7650109
3950131
5329219
1648608
5346744
6145549
2072607
2805903
7854717
3290695
4935353
6699965
2362200
7544994
5085078
3743055
6111543
7785146
5183650
2430042
9012189
6481935
8639758
5888930
6146660
2467740
7561143
3224221
3065911
1045
6067866
1418988
7011604
3191897
3851731
29972
9360941
693441
4309234
6539164
1680446
3414150
4964057
6845309
2223791
2064778
4301758
2515774
9140959
5535431
9595292
3112489
8025567
222859
3919816
6470640
7474220
8691354
7564035
6752779
38046
6821573
6993693
7489426
1999602
2873814
9868820
9294612
412045
2860890
7827145
5612348
9465388
7199968
800949
1632070
3816996
6100605
5402495
5445296
7362012
4753027
1014081
9291165
7276507
8812910
8099985
7888526
5418904
8985213
8192599
7589735
7399569
1768901
89565
3545844
9797884
5464688
4206690
2487884
2899407
198524
8246103
2596305
6523029
2405973
9906448
3012857
5514845
3604315
9026892
4643213
3470964
5739088
1466618
4578986
9672873
6562237
9999254
3248000
93395
6061752
9666946
9324971
9463804
4707135
6240726
941205
5847475
4259290
7673010
4119747
3037400
5761573
3573598
3241588
9778788
3600966
4914052
8025160
8303720
1433482
8310730
7984330
1918711
6126243
6208821
7564774
4423481
6274094
3285151
6234137
3605975
5287242
2843971
3057531
66756
9053576
2569601
6233764
7519752
1776694
8892057
4637311
728669
4743787
1265447
9669019
8538160
3933695
6211654
1308558
6806025
2692888
8047379
514955
7166519
4234054
8442110
8599876
6063044
6028018
9637594
7814647
5594058
9309144
4406860
8370118
8413640
4250797
2453721
8215791
2314642
9705851
2349759
9030884
3027792
3133112
3177263
799791
7162498
5034167
4789188
3868439
5647198
570902
8607496
2373462
8118633
395300
4168416
2769233
6969019
130444
6128906
9765137
9750159
3264225
9587097
3587617
3153021
2745377
5994789
1658443
1793252
7260489
8827915
9873886
8599009
7690592
3954328
2809743
1291444
5244558
4448827
8687025
2883657
8547486
7935339
1068331
2298731
7070263
7198707
6853504
5685921
3681872
405358
9937679
2418080
6769161
5695824
5582223
7037298
4668981
6698940
575580
1442131
8295760
579238
6339764
6127595
9708572
6046439
9821510
4943470
7898603
2998755
5657305
4134167
718156
5648491
7732071
8866391
967778
9347663
474728
7307077
2667188
7654094
1739774
5620595
2830044
4901116
5249145
9482765
6958329
9350847
4986528
8911616
4805597
2360409
3191348
7696166
3083178
1112214
8023852
4357077
327153
1535690
7521021
9662526
710799
5939722
9520681
2937381
8022115
3599395
9531982
3588859
5663737
4973583
235252
7231535
7450572
9497912
2648889
5587079
1747367
7491152
7122767
7457672
2125424
2177695
8336449
9904753
850571
5940752
7039727
8700154
8084448
1482263
2087891
7567483
8843605
9191569
8531649
3519208
9611862
5448817
5560400
6553284
5996344
934134
518162
5867312
3976596
33580
3952945
2342590
1942988
4346733
8510973
7880792
8659626
1657447
2879290
4627900
3305636
2681560
5770613
1130643
5986248
9987270
4348108
9995421
2293967
2885528
4962540
8697561
1700031
3301617
4610410
6237645
3322726
133649
1350939
9075816
8356487
2772407
5145787
6552120
9084530
7361389
1373268
2079828
3778608
7839403
1806023
8068769
5697097
1853218
6444574
1192928
2417573
6846397
1878826
1548486
3461997
3345344
5558227
5168019
647538
7290102
8457396
5621028
7831186
887580
5830511
1655309
1471751
27982
8088607
3052603
9351643
7871442
7855920
6648875
3201720
6535171
4865489
9792244
5776233
7678588
4379995
1973359
4145861
610102
4377068
7874821
5224222
1959672
3670620
8425248
4528366
6403696
7808199
4061881
1021136
1358667
9802981
4517969
5114178
796493
594633
6581726
5385811
6478514
5685006
2444575
2531212
5656210
6249261
4511166
5981885
1558388
2800671
5159292
3636792
6042712
5527588
8302015
8653894
6593601
2830878
6495645
592222
7138086
6024223
6020313
7664664
7497309
5520901
1278678
5109015
9242887
3911585
8200005
5379805
7815597
6685331
7351688
9733377
9754809
2184938
1598201
9076561
2548371
4842219
7150889
2975297
6404342
3734079
8197513
6177343
489426
2311689
2996159
4322580
7058132
621155
1242499
511314
9621439
7398800
5488078
5172763
4951337
2794983
3308138
5471299
1698667
6994306
2962061
1985226
1587752
2574902
6902998
3139655
9502541
5440712
2442490
4956878
6141137
1092705
3214306
3002680
7012593
7833426
4972253
786177
3204199
6662009
4544195
2953081
6131963
8609293
1959629
9914060
3774579
6639705
2707352
2594705
970358
976357
7442034
9807989
5078891
7988647
3676497
3190976
5397623
7465436
1182661
1775502
7732438
2096936
9511281
5417568
6671835
7659887
6592104
7475645
5037823
4845914
4819419
8526187
6158652
9810753
8110057
503861
6020412
5271389
9363709
1908695
496125
5142158
7698928
4060434
5041408
7984162
3366246
5278227
2658105
9941884
3646012
1590156
3650747
6438635
7764457
8210090
9275376
5001335
743998
7044943
7334658
2746887
5336370
5875718
1165841
8221304
2118734
878122
1781717
7502598
5555379
2254433
4027103
9043522
5049902
4297830
825536
9746723
9439098
9924760
4234176
7898881
1547151
3743647
7815849
7240354
6261903
8535891
4695009
8121341
6748047
451191
5206549
9830168
2735625
5700628
9794365
8517813
1797482
1814037
8816497
6038615
1754839
3236148
9077441
1636011
8340328
3327418
1270052
5437213
3230745
8755218
2981888
9709173
551880
1880255
2120217
2450433
8390388
3497353
3630652
6710625
4603035
5943114
8322761
6902927
4586355
2614698
5620255
8976830
695413
6988367
4701067
8934743
9417327
487131
8375286
8606985
2259234
8418368
6544245
9700260
713673
3203455
9764698
4173681
8398934
6635742
994610
5396304
3150659
9811776
6181237
1693468
8071352
3505116
9463067
5006691
5876221
844909
8255288
963974
510527
8637257
8006086
5381492
2887636
8835070
9883452
1477666
1496510
3604647
2722745
8540319
6183942
8579565
1880372
8046109
3927872
6475453
4006964
4389281
7795133
6631699
3763300
1851857
9968465
8212458
4149909
947215
3705541
5213584
5037342
5451982
9101114
6994946
5517821
2547451
6135880
2551053
814243
4521951
3714789
8203243
9664148
1277012
4962695
571686
7406322
4349836
2497784
1684722
5182509
1396865
3461805
2283412
4732225
7488200
5836864
7641028
4867231
4367144
7965273
5773932
3543936
16366
3558302
4228275
7932011
282676
3448782
1152381
2335325
9940019
6810977
9587844
7754057
5563527
581402
9663496
6455323
738537
2469403
5792475
3977885
234627
6188556
9482623
9334902
3516619
5384036
9563936
6629702
7807888
6305106
949256
4569058
2099471
1721864
6719694
111730
2454067
8775133
2172613
1826145
7502369
9360806
9869156
9173129
1308714
3988866
1079998
147668
2507581
5714295
6720983
6670820
6451766
4502622
6374479
4295308
2453021
3614097
8237561
1048882
6698532
6995018
4384855
1349147
8971536
9239741
5932968
8335953
6688409
6577252
4987595
1393120
2303411
782075
1409932
2613364
5748966
2744891
5505261
4335500
7370233
5639782
3323366
5274765
2871635
6250770
1219284
7613913
7689534
9277764
4055423
4967447
2631558
6585047
6036822
8903010
2943519
3597598
2473724
9725138
831138
1430056
7803858
1211569
888288
8833546
6047366
3585080
7896203
5672910
8828819
8491799
302333
5733702
1259550
3197961
5366854
7456357
3108041
9803485
5930509
535996
3300266
6061912
3951552
8898898
9490416
2538129
3908473
5951299
7299610
8327002
8928070
7139655
767064
5692616
3265002
5095520
8888379
8378525
8180294
9855530
2222348
6732849
6757613
2241939
4601247
8260056
8220826
4231798
8685055
5112611
3067149
9143164
7346464
2126064
3212032
3373026
2473684
4097137
4287116
7018155
2514421
4729183
796151
1775904
2537213
2101219
7490744
3080880
2871010
9204569
4017470
209057
8838379
5950960
3056953
183670
2469505
1639210
5091316
8602055
678276
3755309
8775641
7912119
2567414
528193
9360995
8988463
8979005
3486768
7280224
7795819
3272
4687428
5126379
5929491
3927834
7586531
4246514
9611207
2458744
8701340
2837790
7700551
6470606
1233600
2069006
6752532
2851982
1512791
5644935
5055235
8480288
8779925
9399697
6428616
8772575
7024307
3368684
8060357
8443162
6302002
7103605
6474300
8308686
7016379
1094577
7745935
5749525
2289588
8068598
230303
793936
2295566
8309152
6166071
9083824
8611108
3678951
5599185
7450793
6965422
1953944
2927254
2388968
4987197
628421
6857752
7173560
8631604
5749285
5511514
4027839
6798053
738824
1597231
3795790
3180217
9631859
8165037
9073642
4009841
2245156
7401879
6255809
9904769
830470
1746683
2025443
323671
3269212
4981179
6450408
2592724
1099433
4202827
4339203
825320
4392471
3738994
3459874
2703142
651708
2653680
3601070
3455642
6167581
459175
6208179
5650491
3459180
3422529
7932005
1074269
3572814
7032883
6109467
786468
8474133
7792750
2888216
3151581
4139526
4617763
8885092
3553383
6016510
5278600
1408759
4238072
7831075
4526810
1795709
8423024
451819
6554568
4074074
9127219
9113331
4322787
4938918
3286031
949468
1800053
1664370
7810199
8383144
1804367
5141439
1992671
8931245
657514
6110151
2344642
3596798
5362937
6249710
7829062
4220494
3934511
8595449
8550562
6257282
1558731
4802403
1994936
615980
4342395
3164701
9714759
5079696
218100
214701
3148179
7909604
7255747
970200
9752855
604390
7156412
9137019
9208352
267032
9505188
8783184
3045774
1920773
5091475
514738
6372461
6811966
228545
5390915
2141127
4693895
3708356
8352449
9343225
7717146
1399233
8414551
2906267
5251233
9219898
8798814
2386548
6126939
3576159
8220593
9958366
4362668
6387982
7983248
8853520
1996480
519566
6297615
5228451
7068777
4831154
8018115
8850109
2899440
8405198
6603271
4283973
1108597
7367030
8121702
6307553
797515
1481414
3349019
2585353
3178293
1064780
3296289
1958550
576481
5626116
1985377
9588114
6807475
9524865
9108950
8424552
8047200
8665080
5876850
9973833
417969
6438699
2613004
157198
8154887
7823768
6685575
9188264
2438935
2024783
6847827
1137622
5137874
8823471
9252495
2620268
6251285
4733400
6553656
1397738
4309289
6763465
5645176
9642116
1054900
7523993
8403731
8475298
8316632
7295647
911480
7672469
6793364
2336568
2340398
4583814
4592535
740335
7515359
4503421
6503738
8839028
2058446
4777426
4059091
3197448
9724760
4065282
1676449
729156
6947927
990548
3047003
2904980
7713830
1260910
1716915
7409814
1862915
240088
2546240
666818
8468630
4934790
1048928
3444976
6486845
4642252
9004139
2014054
1909292
5795331
45830
987585
6898193
7837645
6410196
6077018
1559656
6839890
3108569
6477365
2614072
2816793
3764534
4109563
3804837
1272363
4341987
5704582
9662183
1075510
3983115
8505748
4247083
6293293
6561141
910131
1901511
2256363
8105375
2595901
4644600
9158979
3983056
1338709
2722263
4222412
6853140
8528903
5912217
3242947
7284558
324701
2061102
3454699
1665471
7583024
9187656
5373195
7856088
7827376
5749483
3467976
2885094
8025179
807590
3147629
8683382
4880916
1942693
7587025
8728328
8027984
1302592
146828
2556759
967701
1404609
1021156
7568178
7307772
1929306
2639377
2968696
1760996
1780299
6342696
6785333
8124411
2377921
507092
6791288
5410070
3424351
1081123
919614
130283
2474555
2075855
4053772
6049471
3950737
6109451
6976643
4915451
3400092
3946763
8519367
6009892
9396246
4757557
2842012
106304
1912687
1674766
2140500
1869009
5796692
5920724
2150332
4303230
8251065
2323410
3988776
9089133
5766832
6527039
5196202
9702311
2835829
9510164
5637829
2568781
142176
172408
4315255
2535936
5946105
9434877
7588227
2344300
9258552
511248
9376497
9153012
2462008
4572453
7641993
9212856
6216288
3177249
4618364
6834986
8857518
4705209
685383
6188700
838631
9857207
1474775
5193092
6839889
863084
7546855
9527757
1719727
4466926
4382926
2081136
1084237
997424
7537497
3775174
1938736
3053328
4136213
1039940
1674269
576379
8586943
5401659
3073131
8839854
5077197
3787290
2064752
355098
1458689
9226510
7097986
812571
7782620
8649705
1193978
4413430
4144452
363234
6883442
6919511
8053702
984925
7260936
1706929
2390687
5561207
9272319
730537
3432569
99994
3206938
7255867
1680802
4782526
4952788
5539983
3597343
7619376
417739
890887
7376776
8138087
7693386
5969057
7734468
5554431
3839513
5522082
2669510
3983518
7770916
748261
237024
2446045
9575755
6533478
4040094
6245120
5970107
427940
883822
1271859
7743930
2388019
336272
4280493
1454733
2870179
6175644
7150249
9938419
467012
2005038
6186208
3472581
4199812
624990
1392587
8754315
7502477
1300864
8217473
4445381
7063554
494965
5100820
4748287
9943900
9791900
7495221
6444055
3233289
3301722
9567906
7121637
718064
4916984
1763354
4375530
274795
1317779
3783202
1077085
3018968
8037401
4493510
6923231
4429567
5078745
8131802
7998057
1634789
1319808
6527929
9048227
5887810
6452529
2877930
8528364
6125877
1782413
7127280
206868
9802113
4270908
345183
4291261
4866705
8941644
4613810
3868367
9834043
4995103
6143392
9965268
2769697
5637886
7209650
7855826
7175994
4590362
9223447
5148471
673381
4136277
836086
2811619
8368836
9667420
7116295
6452678
4875565
7597122
7103708
6011514
1434289
5681710
4431968
7524977
6289116
4867426
6480589
5500792
9546260
562930
1440771
6295817
6208580
1162402
3903456
4615199
4372999
6418526
2864437
8787642
9325931
3931544
7180091
1601981
7515872
3190186
8774419
7704893
9217187
699628
4315581
5687060
2964747
7984239
8106452
7281794
8476955
6621708
9714815
218736
1083216
8250025
5437144
8598157
1712394
3306028
5672142
448126
130942
5701689
2350592
13370
7303291
5840152
5348187
5400668
7978688
1751566
7119961
7340491
2424978
3339535
917612
5879260
4984060
6107782
7930603
2369605
8911326
597956
7296490
8333985
6037283
17772
9871229
4953831
4223726
8727827
1316473
8512148
7165860
9934789
653233
5583706
2436153
7632763
8929118
5575618
114727
1370984
3533723
2498359
2035528
2505255
4141701
599901
2148106
998041
6423016
4055119
2898603
1467011
8645914
5811247
588096
9855292
3507572
1206150
4202424
6833057
595974
3458176
6274200
93494
4189814
4629745
5022211
5013849
63238
4277895
3443517
1775421
1780773
6825831
3783829
4925819
1949433
8483785
2139650
695112
2903162
3815422
2814217
1091420
6904586
3487385
8784108
1100711
2471934
4433825
9430328
4803923
6458763
7520545
2765527
4120486
1541328
9903182
8456469
5709078
4639325
3366911
9291917
3602640
3132397
9826425
9203540
4812641
2550821
9354941
5423506
9654846
637321
1493230
9454642
4290892
2708255
8533127
7762985
1015248
5116343
8098803
5739271
8904649
9779418
9503862
3045738
5394519
3341586
1353841
5606898
9763493
6454994
9390775
5312856
5987471
5577182
1492130
9730782
1291201
6053642
9197078
6888867
2549146
5477303
9648108
2616867
2478910
5768565
2974147
5933259
3734129
8608214
9786632
7134208
5557281
6548362
7708478
600037
3425590
4557236
5655350
4870830
3019865
9324167
3628272
3217451
8704808
1113627
2699805
9432070
4459427
8919744
9446734
3287103
8667955
2092652
6799864
6139509
74028
9597398
9325715
7255470
5651930
8113782
8518027
7626312
8079080
5921822
4082288
6184519
1066876
5954645
4540166
2393629
906892
7569528
5286164
5170551
880862
2927898
442967
3524657
8552460
1678146
779931
6660111
868293
3256130
3157090
9152104
6337258
6202895
6234166
377770
5504455
3687393
6155275
6446979
6300880
8480913
6133259
3568746
5002248
4184914
4521244
6934867
1954966
2426121
8141844
8199045
3303499
2595745
4721292
6486152
3502902
760769
8228281
9928925
1788876
3150203
3121075
6242714
3918868
4466842
3771896
1846536
9777301
1644007
5035579
3781217
2940218
7461026
8198806
6087805
5355140
6673508
9711572
1423749
3595313
6518698
7117906
5692553
5350616
3978499
1756280
1561361
6734294
8865541
4946466
3261058
7429236
235305
767946
6260810
8175059
9393824
1327760
4471961
4258928
3822633
2770991
3709275
8735097
9977340
4232026
8681103
9679608
2177907
3377397
4010519
6843921
8873068
4361103
4392516
8496072
1647359
5385175
5429926
419872
6770523
3507306
3280770
5544322
3541343
8468966
3171313
7846427
2488887
2852355
7134273
1840034
4936141
8107667
6704740
354214
2450548
7646543
1058154
8678528
2362906
6960714
5693583
6982836
4865255
5413003
285601
2304138
8728198
1562684
7544130
6046699
1051349
2202273
4775660
2077831
3354679
6045272
6786066
4541857
7181442
130433
307857
8450435
7610173
5791315
6822708
6658639
7158795
4403733
3890926
211843
8757858
4176911
8238301
9750627
6103597
9586682
5771465
8107589
5957444
7927549
4960677
5264258
3311539
8152001
9283701
8293478
1386235
5865351
2259699
2060132
2583678
9047503
3363135
3213927
6009653
1962315
7849787
6883258
3821655
7865131
1974016
6299349
6847020
5350054
1295402
7156303
5725798
4413033
9654024
3865190
1254259
5471086
2235580
5190455
5286604
1424313
8584796
3278117
8125361
4788173
952895
4858278
1911062
7329459
5286569
9875540
3601290
7106960
1967882
9653636
3099606
9315132
2207490
1318367
8916262
9307591
5077474
5392946
5494044
478588
3463308
9604538
3395236
8390737
1393791
9638352
3249109
3899793
733979
625759
7763611
8351322
5204205
4114091
476328
9077329
1020101
4253818
6357304
5317337
2394020
6179618
5533220
8044836
1908722
2723579
6247598
7904870
885343
1622217
4065554
7187898
3123096
3919742
4753498
8517895
8998012
5680187
6881462
5717144
151402
1192752
7795090
3482545
2293420
9454304
6379330
3832314
1558578
9280911
8866182
5868148
6327637
2352525
45639
6255992
8961118
5623998
5525080
6976278
1673557
1204472
5614077
3395268
1529954
9906582
345745
5331508
785344
2858950
6972347
9582908
3649579
6802842
8062625
686751
2670910
8685816
7565890
7481159
3652986
6366335
6483322
6003121
3924421
123132
7475906
392931
2910195
859259
3175363
994879
1833975
9946942
4295831
1270846
350278
9737618
2713246
5220353
2440508
8662695
9165821
1781275
2658556
3298174
5395490
3222306
5344072
9316080
33942
3629445
7669567
170780
4515398
9372112
3253114
4585398
6488592
7622400
4138779
702409
5545177
8364988
2836817
4837786
3761151
4570434
6401241
200205
7045815
267813
2638507
9796549
7099329
5344497
8580712
1074103
2903289
461097
5526179
8415418
4277626
3229239
9074940
6436994
7568944
3003498
1711163
1231110
8951963
2642350
1275199
7753797
1727593
8717540
5999589
3200398
7798606
9447492
8317180
4068044
3945228
6580771
8738291
5859328
9185207
3520302
4949998
1485187
4963920
8233255
954262
1205635
8000008
547804
3147079
3703448
9676477
8193150
9600750
6106777
2202952
3816359
4841692
1418744
7068938
8404539
8821022
1192193
3021094
1305398
7447305
5288336
5828634
9710622
7785261
5929137
2753906
6098535
3343233
4111240
1016670
8300375
7349488
3254803
614903
9479726
2391996
5182088
2736162
3920086
468211
1325502
1332140
2992434
3556635
9236231
5323691
9955379
3713742
4625467
3785015
7797327
2827460
7611651
1137596
5626112
5535288
2697876
5596485
1903586
3461710
9484876
4716258
5593862
1656540
6209310
6033892
2107906
5211291
2184008
1068068
981263
1464291
7012199
3356215
6199024
6799774
9051290
8033915
2668514
5203402
4246080
5508205
844585
4355887
2421826
1619311
5458991
8662195
7075898
7671722
998768
2947216
698348
8471663
700003
2248364
4852634
7575124
4238737
6220757
7519721
2288790
9918494
1962620
2873387
6680202
7557635
5706960
3139323
9294864
6574649
7775983
5299097
4449801
1206802
2093291
906915
2495705
1450950
930831
8255735
3400128
4311484
4201989
6718137
4238659
13655
3908400
1243495
333799
7157766
2018986
9585960
138379
3161155
3768846
5966279
8226864
1731617
6961179
8545096
6936250
7817343
8839676
4818832
6523990
2445279
8164266
985529
4712342
5395352
9007373
2267563
9252599
411432
6722786
8177867
4926895
2189435
418564
2146906
8411255
229518
5367497
1285115
7188127
779397
6792118
6866334
7074015
204694
195999
7748869
2539935
5314545
6974193
5252588
5454014
1205951
704321
281500
627338
8071602
1996414
9326872
3685164
4522185
2325389
504194
6770816
9278084
8192954
138587
3544838
6140973
2214174
4279518
5407451
3427457
7403497
3908046
8498004
597473
9171849
436694
6109801
4318891
5148325
6156237
9339598
4407216
8525075
7683610
5822554
540928
2340596
5187909
2109266
475899
3471593
643817
200053
6611283
1809752
6358233
2235148
2817993
1002580
7411284
9806589
9966436
8022458
5359809
2405423
4202398
2150972
8005912
714899
2228757
5670949
8315505
5620489
2574183
1452997
1883220
7165242
9212729
2515245
1734592
5998961
3577830
1964636
4842869
8524419
8632881
4506819
2641304
9458011
2732145
7065625
4777267
6764444
1111722
9305242
1874084
9457086
7694095
7004302
8161745
3465120
7525555
8061094
8278531
1856054
9805157
4403050
6238182
131359
210384
3236747
8013792
3459826
3082139
9628267
6214565
9993409
1934539
824133
371270
9924921
9537384
2326708
1104641
9895590
6532695
634284
5875725
929374
6738490
2853810
1224910
38519
1850066
7867553
9873889
3348264
8924697
5906553
9290076
8923630
400084
5080087
89784
7577404
5859843
2889549
7225529
7306160
6923056
4561339
5264892
5241880
821222
2087648
6971963
7329883
3721844
6456726
9914782
4260967
9831935
6121844
3021263
4324039
6396745
6872108
5715933
9822564
4774473
35581
1194744
6284986
6333754
5583304
4262589
1727966
7902193
9021785
7173304
9262111
5413488
7056661
4266994
7898776
1353419
6609451
3294254
4017626
4178913
3253489
4590245
9915057
9095630
2641548
7878386
5584590
2469168
9929637
7961323
6403188
7190784
8820916
905568
7464561
7404995
8181348
9547405
7869485
2445298
187584
9862405
9455760
3611773
8822234
9560224
5028221
3270981
7918251
4306299
4318165
5278107
8039455
383444
670730
491453
7355574
9025887
2472824
6301391
2717783
79122
3816298
9002615
3641514
8347490
4461446
2130489
1860299
125999
9515846
7220773
8922623
275436
4015683
6070058
6496196
7809955
7891793
1898925
9155007
9030683
4823105
7419843
9937716
1066942
7411265
3770398
5614603
3877524
5274505
659075
123622
7261621
931973
9776801
7363184
8464781
2697544
3708242
9795481
7899973
2285247
9063174
2672408
1533690
7043773
8945017
1932902
9946639
655562
1959111
6121974
6451319
936456
8087253
4715381
7324199
4336513
6572334
1571433
8138763
1455474
6332610
5072591
790733
5551583
1409798
1081739
5265976
188013
5189700
7744315
9974986
5059903
7941059
5715518
8882177
4579679
7010325
5238714
144805
1580543
5481760
8419976
4615941
7191914
1019202
3446931
7716552
9241962
496060
232165
7687705
8916657
7055764
6550213
2949159
3866916
1015015
3933298
4530625
8818005
734787
9843483
7836090
8303363
6074192
8030875
6083602
5241661
3551716
3469065
6773933
4337678
8078894
9632190
3643753
236207
3033923
2809150
8936705
2505543
7912470
6938206
4355608
6479510
9249584
2004841
6440252
87838
7283967
5356307
5206280
5737713
4441507
2348259
8879000
1868780
6082954
1434643
7677340
8868874
7699964
5585395
6290076
8012094
8724637
618083
7948794
2978449
3963647
260950
473662
9935281
7231237
7322598
2466192
9387035
8355504
813218
5511071
6387100
203482
4315289
4550355
8012804
509696
2245386
1939959
6671773
2115460
6974423
6915103
6667361
8100467
2734803
2046226
6461461
2841672
1801111
234035
1590672
1346486
850555
1023565
7786660
5175500
7218401
3095707
7692451
9739957
1209712
2940256
4148623
821416
2400296
7508833
8181861
4819237
6927711
762741
9752856
6413859
3162024
6065122
4741986
7458196
7597189
1882299
9060259
2638144
6959963
5233813
7982058
6898661
880241
450748
9451905
139673
628328
744273
2885757
5827116
3821629
6807735
1739390
3126715
2566984
5291769
691114
7527065
6334405
1161121
2622897
1807680
8567815
995054
3865497
3745634
9749229
7724403
5838163
5514324
4042993
349819
7715129
5463070
955666
4009798
6323742
7217605
4099008
5205528
4589857
3111781
5542958
4382294
4802391
1142578
9266687
2361991
4932193
9972614
5901739
6297052
7486859
6134129
454660
4361726
7647930
4870640
2999843
4672079
3079007
8435256
7841278
7647987
9160560
6740248
9841761
1872843
4890417
5543531
5867716
59253
8513882
4843751
135313
5753697
5441642
9563948
6365494
1967436
7518470
2267790
9239640
9241034
91686
4564273
6969367
7356169
8579301
710894
792363
5040423
1120689
6473471
8797133
3295881
1791593
3395126
899826
738027
4146106
3962502
4661313
3010466
6432188
1329824
7095045
9290986
6832468
2477838
984067
6067430
7239098
4244957
3897782
2118991
3421119
1864463
2871446
6114554
568044
4944367
6491482
9203021
8354443
2520589
2218434
2366628
9423997
8275610
1597393
6789955
7210135
3813622
6062530
2493818
1704734
5273268
5622258
6091648
8161658
5422597
569660
6384822
1380211
2768103
9647034
8895432
5415945
4430717
9513299
8294615
6124095
6360274
2278526
5868895
7437428
3552964
5457997
383449
9724132
9853505
558149
1771787
9888963
5854218
1945545
8069436
8486579
5907002
800905
9113615
2282560
1865908
8973003
44025
300892
3881534
8201763
4142479
8399432
6549217
3350657
6353357
9340301
9096082
8492132
5448626
6689421
3972375
4004844
629071
3056100
3264175
8492329
1269310
7446681
8398202
6432001
5258078
1980621
1569587
2229954
4339534
9330476
4241293
3982214
4169290
1391196
7488274
1285761
6154894
5956431
3589548
3836310
1465999
409579
6464708
3705168
5414315
2202066
5998766
3106378
90536
5158200
2168134
1278265
5614635
7054164
692037
7686937
5946621
4104818
2086821
5510335
367307
7293763
5750794
7525692
4119922
3073228
2051876
5780824
6572606
862892
7341386
1901411
9127364
7407776
6577985
3511197
806279
7313055
1174010
5498271
653122
2971273
3948284
2167425
8369963
1391688
6573136
7850458
2021519
9062263
5114691
9262682
6538651
5413961
6251952
7764172
8078020
3278958
3160480
8164065
1497652
548932
9815070
6821288
8040474
71175
4107309
9645323
4297222
4126688
6116887
4553442
3837315
6121049
4920928
9537262
4097421
9401296
5948741
6092415
8660218
5897183
6073278
3865435
6949508
2358880
8359712
7367274
2411365
1878306
1429495
2571095
7440023
8134424
1781488
4135351
8260072
1050271
8608509
8688734
2068123
1599695
785473
1669213
2357260
4100395
6734344
1522595
5941321
8969555
1449314
9045087
6997111
8251463
1050245
5887150
524647
7413872
7309448
6674049
3175782
8544109
7943777
6386075
4082634
4169229
5800185
1256962
9458050
6101784
1906693
6174771
106809
6111074
8867663
2857730
462927
3248033
499320
2536563
4860984
5052520
9904605
9380874
9624041
6459856
7434942
5717300
210540
177506
6184793
480254
2815737
6961804
2592245
3331344
4642400
6235723
7486076
1329912
59340
16239
3424265
5291199
5341531
3016670
4221834
7451732
2096834
1698294
5524317
6978766
8458757
8681912
201631
861795
4870183
5789817
2937730
9386650
9375424
2286104
6847227
7091365
6504747
8428385
5111464
6214820
4304320
8005189
5831085
9807584
3264591
9658550
4279715
7519220
5579854
6949042
8442560
4581375
7911809
9895736
1014709
9776745
5211464
3088035
4566584
6328180
1338987
7734057
5512922
6342781
4352815
6131837
2092849
4928417
2968672
32788
9293153
2487125
9738208
8576331
7814933
4697468
2230115
2666533
1318209
957352
7149256
3166108
9621866
5326919
3065042
5881617
3977916
623641
7683185
9020492
7523026
8044953
7389628
9774147
9782500
2409244
5899951
2460090
6024360
1833055
5958065
14369
726763
9100066
7808985
3056137
6000451
6126165
6765865
1632884
8729501
3387892
6580437
3126345
7087822
4910283
6430228
802872
5073080
5390038
1162528
8311366
6826855
7916627
8979119
2552191
2411467
9427810
185333
910180
7715377
9541117
187391
66071
2058484
8121716
1187553
559767
5615661
6674548
2044670
5868247
2602167
7066003
3793058
2683458
5252705
7958658
4406381
8035657
6010832
1887832
3310542
1437487
1149408
2788485
7884254
6065678
6471226
3451968
1739693
1357817
2326536
7677037
9352617
1830463
8796918
6716732
7129487
6403405
331313
7688613
4017025
8158256
6775540
7451038
4302828
4960300
8167062
3871717
2372076
7388561
4230384
2071995
5114212
3690995
8635274
8428178
8308684
9301924
3188472
1218979
7846518
4218742
9982663
2806720
4119293
3535637
2118593
4511080
6833666
768622
6648239
9419880
7218435
9356606
4897709
5817090
7105931
1279015
9407415
1676595
7565562
8444319
6203796
4496897
7102724
4286540
6688138
8999598
9099588
7585783
9244694
5815962
7812534
9601795
1977802
2950105
5626520
6711991
9454070
9143692
7716056
1236603
6427201
8067036
8752507
3759134
2958143
3163979
4678648
2388516
2734807
4129405
2276918
3475043
6963717
2467909
8412717
1431736
3154199
842071
1781294
5643341
3382233
5374759
7711239
1686989
3821418
9938749
7521370
1838790
7528722
8789620
3178604
6164632
3194507
5863539
2418056
5359102
2978160
8022110
8894440
2285958
3017878
9780898
6474999
9091409
1267516
7764973
1754666
4079117
5568084
1459532
482548
2568460
343688
9580530
8801076
5565067
3126712
5750846
3402431
3793395
2609703
9150406
9391900
1243568
959912
7137619
2215398
8901305
4525703
1924384
3981518
1409711
5985760
1210575
4439993
7340326
7867251
1202131
2608081
246540
2753783
2738118
9064605
2232124
4523666
188603
2328620
7085555
4798412
7599822
8424858
1917837
5528607
6325607
6081128
47071
9880434
4309061
9892958
3597290
7833249
7488648
7089350
9850533
7116009
8953413
1017907
2409164
4070963
5480607
4295277
5465068
4014637
2564631
8723157
4222181
4476238
6020404
640141
1085356
5436999
6605808
1989885
1972760
9317909
91656
1625991
4978630
3668721
9868981
1121185
5004504
8101377
1082930
3208303
6720427
560452
1841290
8680019
2552102
7186553
2349094
7886359
2511806
1564739
1320353
6509053
8379799
2176439
6827596
6487373
7311809
4456032
4133785
2463811
1076656
2791262
3046321
1854273
8081836
596358
1340487
9941559
2936243
835116
6176339
6483420
4224734
1869572
5706325
3094195
9493631
808341
3417567
2788751
4372945
3605705
372222
2361166
2294245
7895885
1843006
5895560
6549100
3273025
1386143
296912
5353717
3832180
1534355
9283782
4412417
6830733
5491463
4818217
3948561
7308974
4509735
6847835
9362987
7121396
5515286
6137987
348666
7212564
9600847
7080299
2171716
8199620
2813112
329405
2389758
9190321
6771172
8897585
4960314
620172
8208771
1670195
2064328
3487712
3247866
1546138
9377643
6604456
441497
7822861
4763486
4209431
5244410
6140569
500218
7978972
5577494
8947255
3332557
1946222
3596458
1276820
5171249
6216729
4226793
3464753
7539805
1945896
6876358
7351187
2766023
2824908
6234275
128880
8144346
4401068
4679593
3560418
2684298
347009
5047311
2638859
1056005
8719826
3693438
6309121
428331
7166914
4721638
5915606
7206012
9437298
926177
4431580
8698541
8278133
7481102
9098743
6009178
5090537
2721045
6041827
3810040
6182057
7445014
6547268
837263
1615284
7206684
2864313
8766709
9390898
4056510
1064626
3217174
5227641
2156414
1076375
8098603
3279214
2257183
176962
4863333
8323709
1042489
4001114
4756683
7885735
7539541
552287
2777970
344095
6969539
9192150
5868396
8179046
2010333
1915298
1914885
3601867
953644
2443043
7938842
4544875
2748976
1912130
2035104
5724757
6251846
3756478
2502643
2101919
5661776
2986932
7505102
3452942
6554619
8799697
400895
3970730
210823
6524146
3073856
8677536
9260780
4665848
5119342
5008714
4293748
468519
7681049
4988954
6936498
7123138
976488
8973398
6654599
1342622
6785502
4679024
6195079
6291526
8176617
8144618
4720789
934117
6616204
6206922
168075
4768135
3120584
1498293
2546448
9403287
621036
5407869
8186282
6613961
4025910
6479409
6240546
6619525
723379
3844672
7270708
8634734
3334046
3353516
159891
1367818
9085976
6815827
2201555
2219141
4117929
9426017
3260178
8593745
159516
9385230
2329873
8352854
8992106
908467
66655
8555765
5384504
6018911
4438416
533163
6546637
792337
8029973
3394498
2704382
2332286
6443736
209009
1145668
9728642
1568197
8923892
6337240
970376
3913861
1079800
8431981
1361684
4309981
8416422
6663181
7503763
1445976
4034116
1876030
2830099
6957350
2063794
3482716
8119194
7402156
6208715
5665555
7216358
6565982
7550699
2097327
412997
6263157
5944844
7906526
6353679
3519455
6813689
6437313
3498588
1609888
555757
9484610
797675
9266700
5816800
9033596
8079054
110055
8101285
9768093
4407530
2155253
5240080
5544878
8291355
2482778
5541538
8651171
8754584
2142842
2624811
9846684
4139784
7569461
3787288
8440786
9086455
9534593
3084660
7692619
8316264
4420116
1475227
1941483
6136580
8025867
8460785
7629781
9614110
5797723
3779199
9966510
9543966
2218775
5534708
863565
914571
559986
4862707
281587
9016961
1014509
640347
8531374
3701902
1348363
7451978
9398408
8031868
9975197
448261
3920701
2638197
1237914
4441241
9985581
410334
7444334
6208873
160732
2677207
6712329
3947433
7606679
7232433
3079875
3987299
5016332
4947822
8555708
2816964
8704427
9852222
4193679
8162504
3193785
1313582
9404178
3617622
7880269
6794750
3315989
6455142
7832582
7857416
7163773
1568837
2440661
7355065
3818816
6584515
6731774
342974
6255004
8467986
6754566
7311115
982682
7877708
8151581
5422605
1900390
6036998
7869947
181835
7486294
1817814
9938146
8113653
1972442
9411969
6559383
7555247
2990312
7587080
1455330
9053031
4319557
8423228
9631990
7489335
9106090
8802053
9439357
295573
4920218
1824285
1046434
1226160
31384
9997000
5298076
1282853
244775
6253758
4147531
377247
3869868
425783
9539334
7560039
7057183
1939228
910876
607559
1042244
2255073
7239767
7864410
7752142
3850992
656298
7549820
3938134
8198251
2593968
4403294
4812686
3355948
8162096
4284847
8538009
9497697
2688094
7937194
4690474
5441191
6563007
3822989
4404783
1150023
6400956
4259146
8560680
7717682
1197241
9058640
9074979
1380068
4024696
693489
5285474
1268944
7132458
2708692
1626312
1198750
6722029
3167748
6240897
442269
2213835
9885864
6472990
3238595
1015410
6298453
8986856
7927448
2219051
1156156
1782266
5563123
1067046
3211436
1490310
2064143
3675820
1046554
7900635
4610008
4371372
9772496
6749188
9342145
7912350
6419081
7783611
9476247
2986829
4116887
7095275
2912675
2619016
6255444
7795734
4312876
1191973
9471839
1729244
1988967
6050328
253977
49880
1320243
7898580
2391148
2738247
5862789
6344734
9494479
1641704
8992832
7200341
2801056
6248489
8833491
5526254
5708534
220876
353519
382669
5263836
5769934
298522
8504348
8620186
664584
4542114
1242980
3388441
7054826
2166129
5288435
8743172
8233218
85393
6096836
4950643
5216549
2236689
2597705
3234261
3980547
3484678
9489685
1308662
6410335
4685947
8014299
8588267
7372064
5463408
9107738
4279539
3489985
4963758
7091754
828182
3564822
5757780
9141990
6087765
412907
7033563
2201426
4144789
9899152
1919300
9975411
1197471
3399126
9707642
8078975
8795185
61081
6971238
3624446
5215455
6116484
4498205
6380858
3575147
8239237
460827
5951398
4453340
1019812
4783400
7826308
2129896
9984369
2374389
1182154
9245007
7467791
1202815
5287042
4816659
8492131
9265940
2874151
8661817
3838157
5066421
6610869
5455090
8576067
6154840
8603194
5125306
8183824
2398498
3896397
2365207
7865298
4534307
2737820
5478482
1647862
5688597
145921
4284954
2854853
8744419
5008625
7739279
3429768
1199349
8770876
1920228
4210330
1645806
8551647
5816813
9817234
882686
6977511
5362857
2657429
6755564
3702663
9424818
7056173
2549705
156422
4189978
7344649
1855313
163101
5910159
7658539
5921547
90608
6233000
330090
1758652
1473255
3844603
1862808
4091078
6084567
4047242
3608392
2649775
5266832
9449584
5333664
8853026
2205649
9917087
4265050
743172
2254518
5885231
9545564
4203191
5719853
2608603
5192322
2581710
820719
2966903
4074580
4745412
7654107
3781643
7723798
8779537
4196565
5180798
9596056
5562480
3174502
9565022
5212593
1905382
7030434
8572965
4936984
2237316
3919602
1185906
5098250
5289931
8422327
5805178
5415481
966925
9953606
9186041
9932711
4321395
6982423
5263867
9413898
5691229
4454096
4696869
7494344
4553352
7072211
1730655
3089812
5083551
8441014
2010203
4636922
3123172
1643007
7647171
6232666
1098457
1463854
9098686
5113022
840311
4197028
3083156
9393418
8278679
6617404
918204
1420019
1850538
5522529
3959375
5275382
7226365
6463296
4851280
8377925
8230011
19674
8244781
5765146
3739279
3290284
7954022
4772413
7232516
3456052
8225285
1213004
2628966
9501976
4204655
8694318
9520822
5504442
7161944
3853122
1049878
7193039
3698166
3399005
5928859
8036027
4184580
8898413
1407440
2213225
7465422
7451037
3831061
8194821
7730450
3831430
3402338
5205302
9238325
7521061
5805870
5967264
5708088
170202
1689881
5240491
2231805
1749934
1990884
818163
6138826
4822592
5485637
4598085
3477320
3560896
9296354
3110034
696769
5763717
5894130
647070
6843681
2122979
5337942
139301
6520576
3808690
6181460
4701830
1660452
6255701
8514463
2000029
8026353
9441846
9390838
120197
2741372
1762441
1908405
6238012
2933132
7012450
9314299
1572330
2103604
9458582
6897475
1007601
8558594
8834611
6670531
5665727
2952137
6858718
806976
1853714
2241205
3170835
1811905
4775166
5242266
6293490
3961220
1349814
8355653
2852688
131063
1449720
1460053
8956951
3449038
370220
4352652
2163659
5161802
4867698
8297849
1091982
7877964
4604857
8249330
4569002
3304387
9168481
8838377
2333787
2644214
1255896
5073809
771899
8593302
86593
9750468
8769999
7304390
9980403
7250251
6992460
1267183
8091176
8828176
2552266
4562563
2586614
6313801
5638481
9794276
722218
4117232
8569552
7463011
7664679
5442954
4468503
9518543
4309597
4521672
6819444
7238749
1058023
5306627
1973346
1706048
5608696
7595988
3796375
7948421
4485435
6656612
4220823
5727115
9917958
2081685
4913757
1937096
1294664
391948
2301999
3312217
2916967
4024980
8509819
1029508
282203
1927288
4192218
6256686
6071780
5453272
7258332
5729090
197364
6058896
2668513
4764491
461936
3181263
5937890
2462825
6995332
4854828
1201119
6820787
178575
4592567
9843458
277032
2188950
4900218
5572333
5965181
5368039
6150616
3991293
5352122
4416807
2949195
8540322
4559907
2358465
1102003
82544
2493319
7479489
5011449
5340971
9656219
69271
832539
4571333
516517
4658784
1062540
8359318
9402294
8994155
1229045
3391694
4840598
105912
8447274
1761106
6207325
2627419
5716968
4842556
6336438
1029980
1141913
6441640
2415384
7425255
2621922
3038996
5015700
6843038
2595065
468439
2381632
2701467
525235
2054027
3876238
8383648
670419
1484754
2684661
6285838
1243134
3885308
4333345
5894289
3382219
2317657
6361499
4644770
7537919
4727249
1832064
6097281
1270732
624874
3148678
7823134
4040849
1843364
9239787
2026847
5900229
8157882
4553743
5751413
7917548
9228731
9916030
6107574
8182738
3865451
7234439
975927
2133929
8398300
4733129
9076268
4769718
1387656
1619976
3224613
9924357
4940123
5921510
9948051
2183676
6081042
3124205
8872957
4086572
6735707
2331155
6905196
2267434
6127989
2930349
6536096
8123917
808574
857930
2607861
2786479
7096241
4494773
6495246
3223149
9015105
9347687
8915455
1638019
2723167
9560689
7641091
6312372
166987
2369376
9514188
620334
4393159
8534023
4667466
9418416
513333
1642782
3094037
7849364
2271219
6130667
6192096
6351855
277266
6435561
9731867
3878690
8480808
5729209
7483840
7463668
7066518
9435647
4412178
4363374
7063355
770905
2675715
9742529
2431163
1538047
6286434
3836894
3883803
5692221
1887315
8467616
9195890
3003268
2641280
6286198
6468574
2735546
4246198
8904864
6299979
685751
492098
1839791
4354149
7801046
5352933
7431720
6558484
5592227
9951216
8097462
6599071
4502516
4302082
5619892
5704013
8557337
1539036
6569355
9386273
9579809
6709380
2982266
1964579
1301337
4371398
8495629
2737023
636167
6149396
7740545
819710
132864
6109456
8475237
382622
336475
5815192
1500120
4279112
8376967
8427461
545155
9229270
3061578
3890825
6521963
3764951
3116567
687997
9615231
3961891
7007372
8320359
2744607
513334
711230
2758235
452991
4453639
5082049
1015886
2740757
9313973
5474602
8955222
466175
1370121
4796516
4608442
8178469
9520966
6122385
9821422
234914
9949088
9296325
8180697
9512000
2314576
8816364
3597255
8455128
1565605
5656602
6712614
1018088
9950843
7053807
2870917
6961034
7612567
8609451
3287246
8189797
4549131
271397
5568893
8440782
2917760
5061671
5534038
4050389
1399664
223223
1750210
6223358
4820627
1029104
265623
4516057
3293681
4610729
20786
3460302
9495492
5297987
1220628
1052366
2583353
7630887
7296800
6114001
6973054
6138488
6111515
7332251
2063504
2694082
5622851
4721937
3494759
864412
6162079
6912356
9158547
3056192
6998230
224435
6889262
4721705
3422012
1208708
9304616
4305980
9962375
3563809
9801521
6501072
4961479
4343824
1058072
9076459
6566025
5395682
2807836
1658756
9724257
4033781
3817326
5760984
9991502
7911578
1776450
3869818
4349874
6362175
4542736
8024832
5207666
8171078
4459459
5844836
2852442
4173972
3137706
494484
4316810
3097408
4002313
2338661
4558995
1610146
2367500
9892785
3335114
5147986
5065510
3886404
8678111
1916617
6852321
9568803
1075167
4820223
2207325
4384981
3145446
6447294
8784387
7383576
7459958
7516902
9590741
5147954
2444023
8208304
5113134
8096056
8714065
2347734
7861473
4860076
6872950
4538461
6362651
5346148
1885693
5767805
7163114
6906342
9811454
5163003
6554747
494061
7053579
9918075
6052455
981551
7412736
8081492
7405404
4932611
7371855
8576108
5900500
479312
8018600
5716321
3402919
1600127
2961905
4203275
3396697
7182877
6074582
7827458
8365586
4339594
8798523
8767200
2802153
4768887
2720947
3674016
4562052
9472889
7320337
6285348
5822982
8637892
6052802
4192947
7365212
1430070
3112711
4632593
4008561
8576343
2839227
6668183
96131
1649470
3210650
4991749
224537
4618969
9566908
5351982
4752972
3579689
9478050
6319005
6300541
1136906
5157216
6509397
6477601
1611909
1288871
6673454
5701970
9405177
8056531
3698010
2890984
9453282
374687
6897525
2843777
6564082
6583160
676007
2177580
8321342
3559444
3201392
175926
8523535
2515817
6072699
9846565
3657120
4686722
4038190
6984171
2731801
8269577
9956973
6210639
6245293
497956
3966070
9537860
2077375
2160783
7502224
6239252
1910437
1852311
293093
7919919
6018641
412618
8714648
2990559
7370365
1717347
9274210
5984865
5342433
4238565
8629936
5110673
6207472
605461
2382445
2203922
136250
9448400
6546163
4045635
9011220
5158459
2366853
4407813
687377
6173235
5516239
4979392
6185772
3379777
9275882
5376591
7660469
124930
3069386
8298980
2061181
5278687
3431094
2299555
7064794
7827716
1827243
3464851
7976903
6883015
2849765
3309752
1755000
2862444
5209786
8715444
9823961
1310153
6784079
4555919
9145468
3451077
7875877
5845764
7481847
5532053
1622265
6856818
5921688
6737989
8306826
4162612
5933719
2918757
4622795
8770923
7654360
5894354
534752
963115
8895683
5495421
706654
6315090
7365032
7724208
1309907
9411840
7443695
7984909
3950402
4870677
3084430
703396
5929402
6640934
1431806
3701262
8839447
37186
6025760
3542891
4365571
6870833
8468952
2787165
8301071
4443517
8008285
8453326
3317565
8204042
7514256
9265058
7126251
7088897
3738160
1635263
149865
9429055
1982343
8812586
6280763
9457972
974998
8905402
9077584
1281110
1885034
5582095
3988295
4012908
2438900
3133555
4436118
5400330
5906011
6143916
5475516
619877
8588691
5490969
7782517
5588539
3006840
1793221
5554389
9327301
2286715
2335577
1977301
1354150
7554064
8732555
6609843
2069185
4861091
9848649
6139082
4925338
2419931
4776888
2370106
9574541
4224296
9862394
7990953
8019722
4800785
4109070
6360996
9066462
5181251
4205284
4806966
9275274
2807726
5857306
616306
7682948
9046171
5160191
2723609
4174435
1579390
789920
6043702
6471205
4510305
2778630
7452909
5714490
2655193
4215264
6862807
5808518
2014195
3263159
4868525
6896701
4824665
6108693
8896557
2199279
5336720
5349582
3407317
4838803
6211160
8375608
639786
7531587
6814933
9675792
5459088
8179743
3133358
687427
1111
8223267
7303815
714507
2957966
8428810
5214985
4028092
400736
7010225
7079880
2605787
4526929
1706265
8561232
5849506
4533449
2120358
2052790
5843848
3110547
4412484
9513218
1775715
9391594
3372880
1368765
3746522
8438054
8021649
6871830
9078497
2103045
961029
2730023
3112253
7030375
6320719
165431
1300029
4179454
1283200
5245907
6359595
2473614
8808466
6503465
9328552
193454
5387777
5581950
3065398
4358392
8730080
7474775
1881444
6594613
204137
2367672
6802519
3229033
9894179
8113288
2942789
9652638
1828733
4962991
6057879
8493473
3168460
2108245
3772617
6515553
8939505
8755424
7436510
4426777
4236644
9987173
8174462
4711872
6706764
6384347
5867051
496952
860412
3385521
6667775
7753798
3696825
3577679
9420062
173442
4745579
6493386
3876304
336013
5087195
6074618
1935145
5183621
2099324
1308104
7047181
5517032
5533923
4639932
7485476
1139068
8707404
9113391
907658
6940791
2989947
8209578
1119697
6255271
9864835
3248269
2766589
576050
1935040
3134635
2064480
357201
4346169
9844343
9614593
9636656
8822390
1197795
3170425
2040217
2630037
7339381
4289807
8080601
9433921
7210229
8570132
5794102
7622571
7743100
3847089
7037608
2716817
6021926
287915
9752731
8087086
9153609
9999665
6800782
4151126
5231417
3851567
4767404
2125769
8820041
3575591
5567035
1328116
3936977
9745082
9638715
2117158
7775865
7347541
2046185
2790753
3913504
3648196
1765220
6106688
4698745
4483030
7298651
6544182
297507
4366110
1215341
3953457
6056980
2254261
3386806
2977746
127169
995630
385973
3046224
7073482
612332
1225702
8006127
3265725
1226295
5628946
9919465
9926147
6674470
2412422
7293062
4654766
408267
2474228
5129513
8017981
9418728
62196
5144635
114581
9951013
8408329
3605452
1756944
7124383
4220559
912171
8871118
4028353
3567247
6729909
6475378
7638028
507152
4627789
8984860
7537632
583683
3220364
2369389
1221432
5041890
3295807
6589130
4157457
3127579
6747326
4220251
9066355
5764878
2173836
6539535
1496177
685981
7477114
2472499
3392301
8871916
8593423
3309896
4923445
3931010
2628819
7395607
8557071
9278422
4051319
6614607
7252820
242216
7985834
3571495
9718552
9319531
4743265
8863324
6607027
9632266
3828679
3660757
9984489
2236053
1690213
1385737
4122036
1198703
8223497
7668774
9961689
6632744
2863278
3129015
1492001
1229127
5851055
8429977
4085918
3322488
3998125
2119261
6892856
4333225
4893880
4232971
9025591
7425271
7036093
2552446
3730274
488872
3555597
1918724
504364
8403032
4880512
8336528
3664079
1693084
9624076
8775046
9063579
5042607
1672962
6957260
7405992
5685237
9023631
2168862
5405196
2225357
5162511
5631223
8593286
7270116
2283028
5170650
8996602
7179661
5482747
6004464
670612
7729751
7183332
3599759
1917139
2252968
6032642
7159289
5486997
9194905
1669303
7699830
6899870
9717099
1062208
6321599
9533951
9120643
5709120
7748900
4710249
2696705
9436784
6805909
339433
9461172
1377805
2556181
725764
8341481
6687436
6616859
7053200
8105254
8088035
1211808
1153225
3424987
4088614
2183101
7529485
7224798
1998667
6917175
4595363
9573892
5334884
9854634
9587789
3996551
2999489
3393918
3477553
9627540
7016424
240959
4616652
659836
8603953
2947901
1544091
2546854
4933725
3570303
1944128
7372919
3613780
7221177
9178890
8858852
3927539
2570830
7571026
9565382
3966484
4157691
3791157
5349160
5362987
1976283
5721379
2871295
9522628
5807653
3508524
1643918
7436109
2795648
9235684
4314235
2849356
8206398
4964930
5445061
3644218
9974383
6463392
3430441
4204587
589663
2625242
6253448
5425746
2068338
1254800
909137
8028696
796739
2928816
3938538
8344811
646841
3640908
5253302
5361886
4669994
8005132
1453739
1174763
3704455
3575701
5727469
9117820
5851818
3276200
1782987
178681
6644626
4806110
9250737
43166
762062
8305713
2861873
2086491
3603995
2256481
9353745
2843719
8648099
4359531
8093154
3501203
7448403
7019423
8910385
1601843
8866546
7650503
3104524
3665160
4802210
4454823
5992107
6587743
877552
8992942
2201582
5537768
7240512
2927022
2760248
7444617
622808
178411
4077904
7336723
3062833
1812064
7388198
8920141
7528901
8084773
6634786
2604243
838017
9258736
6726628
6323568
3025454
4950501
3481177
7929082
3815303
2353230
5844466
752666
2144303
1630897
1325912
7279300
8096314
43838
2943807
7211313
1231436
7706871
9179789
5127632
83500
7316086
87929
8338835
5766276
1407652
2131518
8860901
6639784
9098107
6864353
2088484
641824
5338847
4903593
7251198
9903243
5406523
7662178
8358716
1826919
6873006
3471950
9190342
5888005
3404209
7308103
6141716
8696327
817927
6082835
2614889
7827791
5438400
2738406
7547720
1777601
334289
4791218
8926667
3986894
1406297
7193929
6973860
874604
7235429
2619861
3022049
4683192
8137431
9260007
8350642
4555744
2775074
940094
4382361
6891052
