61118
29135
88357
79894
94542
85243
80829
8930
30863
17594
62871
94359
37006
19720
58965
42219
75891
33227
33948
81892
46695
25089
75568
52546
52430
57074
97550
52482
65275
45431
20022
96249
11805
6324
34683
19183
36244
69922
17805
10401
15335
85791
85933
43820
81458
24087
35702
54767
48722
42641
53172
3820
10777
36462
96476
1948
86043
13847
46384
2939
55408
17201
75274
62062
40260
42157
29430
30763
3771
31502
48009
85194
95179
65900
9837
53453
91621
54921
74446
99041
89449
82856
35038
83561
43591
50648
96125
63889
8497
79748
55682
57291
96987
16678
82771
88376
53404
24979
37865
95356
38870
23167
87991
27466
91950
79567
52123
19748
48171
44009
56902
52570
16010
8829
31177
87587
25644
35910
12068
15879
92275
86580
14376
37473
71860
8311
76689
88716
31421
42248
55025
29050
67318
77439
28534
27686
60530
74232
46306
62792
19709
89429
68004
35260
88324
68515
93730
45000
74643
30319
55056
14937
43227
37053
64647
32438
74035
66690
50262
55579
72416
16064
82034
96270
78704
97350
73684
74099
87848
55429
90035
47063
60389
69482
70397
81597
61374
28341
80287
86353
39564
35281
79684
56733
67617
1163
89500
94254
90329
54973
72329
65731
79289
31969
16143
51702
17962
59820
39445
36645
48487
13916
88179
96522
84520
64615
9173
54393
14655
78019
89978
25024
30234
56935
15871
28571
38437
61003
90305
2271
35184
50491
21038
30945
26055
30061
88909
9680
70768
16255
85348
35846
93217
78014
99429
56514
15201
70796
63193
33264
31005
84788
66386
72630
80816
78656
33963
67632
90167
29048
70083
13936
18319
50597
50987
57193
23597
84174
60099
18943
88765
54229
95849
71337
76679
15271
79869
96813
96619
97383
45418
33156
34724
37593
57769
68462
42245
87770
28141
75329
85149
31784
97565
36811
42889
60094
38467
58285
63937
34439
48903
74343
55588
58191
8505
54390
68486
2933
8113
29526
2505
37165
69433
86096
96870
32646
92330
18365
25309
83775
75846
6061
86017
9737
61624
66318
93101
51684
92213
50262
35885
87782
38726
82899
90845
15791
62255
48869
47971
25967
76191
87740
28872
14085
53179
61461
73680
7698
64079
80809
78159
33505
57688
99491
13162
39403
30266
45342
46736
90473
53142
34192
44590
69155
95658
38490
89099
95266
7783
11218
41618
15881
63909
65398
91534
74014
45961
29724
94640
19945
15044
3169
60670
16516
27318
85099
37715
7788
36143
2060
15760
69214
78398
56311
73494
36383
52025
24673
60401
46114
85084
43931
82378
95221
47047
90800
11496
92200
46575
35352
95469
49842
92032
46532
87257
10199
49085
39838
15044
53682
29779
67776
93650
34678
70935
84571
29787
47581
56527
18527
90961
94444
32165
29648
64911
94327
9260
99803
4949
93214
64768
2571
23751
91281
54696
27024
76690
53490
41947
10186
52748
94356
55744
47408
69797
89303
77254
63809
66595
55587
65960
64674
95754
95639
17619
14793
677
55935
52656
9472
56677
52907
39595
24990
32188
125
35339
508
11921
95481
43501
21267
66503
3693
51776
73408
95872
8285
33561
37283
28089
59560
880
74350
89221
45554
77687
70909
83284
85785
71535
27915
81400
32752
32150
60818
88709
26694
77985
98137
8875
1339
97615
41240
56131
31303
33410
51312
34811
76498
50246
29651
96484
19208
69321
26172
65005
92646
79996
81675
78398
95339
30759
19801
54934
91843
97213
82109
77904
57162
30916
62318
38296
3032
92336
10087
44655
58138
54931
74754
25213
43599
39916
61348
59137
95985
58182
70756
43595
10881
10155
97054
63198
70967
52703
41067
73317
8993
67673
67867
26741
69030
54159
31635
67869
49588
72389
30383
47250
41979
57753
40702
36237
96852
2209
17145
73251
79659
65065
4922
78206
38642
11984
40447
96395
26696
70715
60039
78460
68033
66581
18281
99339
50498
67456
58999
29152
81173
56448
86148
24630
73660
11060
34844
43406
86691
2274
47162
25723
30949
13231
2932
93365
23387
65814
4875
34720
71933
53032
96927
74497
91367
93718
54039
11331
33182
91005
34707
37998
48120
54491
54389
90440
51618
11555
11339
73068
35711
52647
2656
8093
1383
47797
69336
83405
59269
88063
15894
50066
63831
95611
19030
33180
40373
15901
99885
37423
1262
59471
73082
74212
96896
56124
18855
13365
63650
11319
7220
84076
14761
62517
34504
23588
97625
99191
77303
32210
83905
58669
53514
7093
884
58918
46069
50742
21984
24794
47384
89462
82314
3722
74935
99554
59091
7577
58866
79937
75703
57500
89706
21442
14234
93261
57579
35041
50549
35964
95782
62521
43285
47511
57416
97089
93881
17830
75908
97534
36260
43866
47247
40796
22222
54328
60731
9549
96017
27312
49974
91734
57883
22621
79238
48618
28105
33857
8287
97256
42386
2562
35265
41737
65856
60717
47166
81555
86674
91797
83675
27312
62796
17301
3238
98841
12033
23206
99351
27854
1696
10956
27422
99846
86516
7970
61162
16414
90795
58394
20637
57128
93841
35441
41901
29363
62389
12170
27308
53717
74857
61637
11501
38722
58090
72179
65624
26588
7344
5461
2503
35750
26481
32234
51603
69479
8493
69331
72597
1769
17113
69286
72492
4799
74893
65214
70585
71959
90746
16101
85582
65435
97518
78414
95231
28514
7900
79831
30917
17381
22190
96310
3040
58137
15514
57542
19904
67000
27036
27069
5684
20980
43507
15523
93849
80286
80074
82847
88521
17849
22990
73522
19058
89637
13767
19930
65729
41784
66871
48122
69905
14341
26476
92291
47692
10670
32665
38445
36689
76576
83420
50722
98544
46493
95779
57049
90188
70039
86840
61018
44292
73497
2253
95010
33720
38230
24039
49819
64411
41124
41508
65733
69547
48237
94936
25574
92836
22542
61377
51740
73403
51394
76024
29693
8838
95631
33485
90783
99220
87449
1493
33677
38185
89272
50103
30205
86005
24562
30193
63997
96825
3760
93709
25227
42
21268
39535
98390
97003
20954
60996
22055
81534
33360
83168
83310
98264
62082
26015
77957
54952
47306
86978
54921
61852
67003
8370
52519
72981
45795
31195
84401
18589
99573
31223
72291
9304
47192
58594
30023
20759
61384
84532
73415
49742
95051
16868
23371
93582
11412
203
78444
35480
28396
33947
83764
40476
70762
4347
22336
38158
51530
97642
75861
24372
69090
3744
10158
90058
49825
6943
18446
97615
16832
31139
26996
33671
42931
89662
77162
52367
59948
3668
98476
5057
69412
27663
81091
42229
435
51762
81185
7386
68783
99909
87781
11725
38265
89028
25120
61770
77748
90505
10075
12218
8060
69471
9494
25877
17895
84700
5025
6960
53911
27188
83220
21303
25516
84770
99400
35399
98340
99361
82303
21244
5092
2748
73995
83462
60306
54390
1946
16573
64708
17181
17790
76779
84117
34104
21608
70710
72288
21267
39773
32389
62509
24821
34003
500
10808
36790
14581
60757
84810
81322
67238
13709
48882
16967
11511
50556
45343
71155
98697
37211
33356
4922
57521
89431
54732
39828
12838
96027
17827
95549
16520
83498
79848
10528
3486
36611
29303
78925
96452
5426
61173
20193
73087
40820
39233
69194
60420
49118
45054
56049
25989
84408
27476
52623
53037
91836
3758
78278
9227
21346
89425
75322
9773
64016
23447
49727
86720
89835
46626
93693
99049
94924
4827
47579
76016
49081
87843
82494
38848
10384
7462
29522
80019
70122
55583
54944
49792
979
99285
36309
45914
16970
95775
21495
31627
38306
18654
45208
77593
41061
35229
45666
74390
6408
48366
11912
84276
56051
74736
34144
57636
12430
21104
58699
33714
72438
86062
31918
21463
22742
77068
85203
66584
58230
91131
85565
10394
44994
75047
82711
94541
30963
28547
35009
92840
30501
95618
27858
66985
94374
62053
99083
13699
62872
53897
54845
1819
47803
83267
36758
71755
44226
4152
75392
74291
71618
40845
42544
31719
35298
99583
38050
84128
38207
5271
50970
35341
73186
27460
62225
76383
66367
36954
42583
59729
31250
61841
94582
28036
17493
2559
93140
22721
85790
75609
22105
67474
8646
43798
63504
25288
47417
66154
79811
96206
88301
90650
34977
97784
99913
84937
30640
92879
72109
98547
85862
12261
11642
67588
90447
83315
59227
85892
33296
89275
84882
83033
82826
81168
7243
97054
60116
55307
93182
8634
61336
92633
74994
23981
51801
59128
91028
71826
74140
41475
33789
16248
71392
1728
51342
73483
70255
26372
3173
82092
34857
11558
78475
65928
85751
1563
14014
65682
14431
43983
54413
81257
50164
36525
45340
46509
3231
41810
69454
72683
73973
23165
86672
88727
82539
32643
34399
47393
42612
42528
23762
80095
52623
53185
7796
19051
20568
90382
70116
49391
1844
66661
25207
81263
92229
82175
58987
82938
67861
5724
55753
85163
55268
84974
68260
32089
29338
95742
86694
84747
88197
43622
51767
22249
46113
25437
11440
20818
51955
388
79465
98293
24183
41658
87352
53077
88928
22563
90407
51950
55398
87877
56363
20151
49350
30733
28178
98783
10811
36019
94767
22520
16432
14893
45238
16567
64427
18013
95021
37863
45671
46914
54187
6913
62823
32799
40412
85582
74407
79738
69629
67939
24342
60136
91176
41449
90015
98836
50984
51009
19725
63403
37423
63368
21280
63877
35774
354
52899
61141
72990
10727
33441
72261
2712
77007
42413
33275
60579
59179
87575
14060
67315
54786
59631
23838
64175
58625
18133
32063
90442
9779
16159
71212
94594
15384
10387
13929
43206
29987
85272
30449
67412
27167
91446
38753
25470
35200
17024
71503
2826
42983
76492
48937
21585
73213
68747
87162
63790
31819
65040
85350
9625
60424
56538
48645
99830
44405
81382
97692
88327
67793
33950
87321
4245
54782
39538
22694
4250
73111
7230
81006
33039
28544
26737
88340
16058
82398
93475
11441
25928
33472
67112
77932
28767
8046
46787
5313
45054
18551
60670
17523
5498
18043
66651
11901
75943
84105
38902
87545
7153
93804
58685
27911
46860
95652
635
1049
15252
75344
81882
99306
41259
95590
73204
96784
65936
40445
53354
36734
23739
75873
90364
43349
40331
21094
27852
4354
27414
84977
64687
61484
50055
12823
85686
60759
61441
25043
72921
70223
98709
45840
60061
86547
73573
91155
21679
34030
20954
71993
46280
30504
87163
7166
8840
13966
26316
14536
19495
23885
17019
74723
91444
44930
8558
38375
84715
38820
44157
27307
86246
80360
7905
57695
77425
92762
24806
3493
68878
2281
66539
46056
86025
5351
3334
63836
59709
31186
27806
3379
58072
87370
18640
14580
98674
61731
19096
94348
8334
27904
84564
51683
67106
31704
64693
41297
37696
23789
14070
31726
97024
60378
75561
87399
2173
14958
12234
54566
31152
45143
39563
2596
56397
59661
11851
87411
80903
10646
90231
96557
44707
94114
38859
32902
39743
36323
93884
16648
59503
73960
97839
32480
96089
67533
59406
6873
9899
57276
35200
32982
87062
89570
50766
79849
17233
99477
30425
90737
16058
67080
61664
65783
36188
30170
93808
47362
7225
54919
65182
21746
46532
22976
6910
42509
75515
78298
45945
12224
49509
67900
5667
92568
71150
61608
15292
31401
81298
3634
64884
7109
79360
87220
61756
7493
87435
69159
13592
97667
92182
70521
14045
51153
80416
69477
33857
63722
97293
38208
36333
90953
88841
7607
39518
9021
22848
14511
22453
4629
54122
6261
10183
66899
18440
27824
45698
53624
31360
87782
97451
95253
66943
882
23737
93251
73731
7862
48877
30981
49618
38661
32092
11966
46909
31035
51220
32206
92437
71488
44173
83843
60060
2038
53697
45782
70133
4432
96063
67315
16791
13095
58495
98149
18041
61986
38221
32983
27066
64827
11597
12215
49782
53445
15634
68570
93775
18441
80425
324
44821
72009
30572
78254
68553
68193
38702
74722
53618
61004
80039
25522
88211
94547
53840
54137
24434
66561
62413
7380
41545
83753
67608
12422
53708
77692
13183
2535
77150
97734
97004
2657
8212
80562
30367
60165
71853
69926
6612
52126
5867
76640
3328
6511
24666
97758
85514
5837
37903
3665
35121
68332
44999
67864
29056
65501
70863
25110
37187
62652
91516
72293
38735
89599
15428
76522
73543
25593
65976
72129
55030
21425
64116
6944
59455
52357
51716
21014
79581
41477
42291
8456
43196
92636
80051
64460
24643
71245
45210
77683
61656
48846
56295
7445
86272
16665
49434
9660
38825
90048
11739
10767
25587
39659
53977
2369
37021
48150
62997
42087
30461
46481
51858
95319
68164
70657
3457
11086
94106
36512
27176
3921
46337
19884
30090
71842
54506
53395
1145
64072
40843
57545
20398
3553
66439
19850
25348
78966
61362
30122
21126
49444
79582
33876
27593
61414
74202
78303
96916
7457
62864
79803
58687
31390
2887
89011
84800
99289
31654
89180
90623
37595
2350
94429
69681
63169
69731
68942
97890
82046
4100
29561
94036
95743
31388
1698
24939
93496
75622
56332
88719
72871
92533
92141
41374
19772
52742
67462
83600
70930
67027
46350
86624
80137
68857
7940
53044
38625
57148
7410
72415
3745
91009
10030
68858
15652
65752
91224
13212
18870
12878
65391
85098
90657
65345
48700
70052
40411
77987
1822
26561
33398
2566
58593
82155
63907
95247
81147
74254
6119
26610
40652
77721
75707
77353
76651
48
54167
28549
75619
96243
32124
12802
64171
45554
52796
87573
16364
81604
67875
28448
60842
12642
40707
5490
61550
63263
71652
61493
36265
92500
69914
67002
59557
73419
60441
70714
38169
47929
32164
48720
61650
82477
16543
15852
72965
84057
46782
86728
95992
42040
81334
87109
67757
27353
64865
21627
92063
98128
59186
22859
95240
5937
46910
18285
63508
14840
35358
18422
76422
11250
40925
76088
94777
31582
89478
56636
45878
92143
93236
83443
79173
51617
44474
14158
59793
87816
92667
78553
18225
68176
81490
25830
16907
69028
21352
97878
74472
81784
54944
11962
2993
73063
10006
86084
59839
2573
79163
373
1725
86725
84100
27475
7487
57763
51015
68243
27220
39959
10816
14388
36616
40082
3754
2812
83460
53342
68074
31726
9972
82531
89636
88839
7762
81468
68777
88896
82916
5819
42135
55283
96309
16493
51499
73963
57282
85056
45173
14598
36154
29675
10788
61705
42065
22221
70786
77289
49796
49487
31205
30505
60065
52324
49371
67026
69387
50037
29761
97390
13490
58016
95755
28281
68583
95646
29565
95717
76543
29149
60705
4777
12625
63901
41492
58337
82637
705
15376
87379
81094
15115
55699
27071
51807
24846
47089
51276
1128
51622
73677
94843
66483
51862
15611
11983
18247
62922
59701
15340
90115
67414
6948
26146
57461
25841
34920
50671
68223
82305
29484
21470
12895
35609
52458
59413
32088
57376
18159
38765
62023
25328
86513
37105
2270
20781
15119
80877
26004
80031
64059
8517
26996
24857
61167
59591
67264
82979
2553
12667
56699
52780
98429
18453
81615
3186
14330
81362
52084
75804
11838
40682
90987
70901
25127
31656
85806
60179
91741
73810
97297
29620
39050
94956
42629
62314
75120
64332
50520
36182
70873
98673
83319
35968
89800
73262
6516
65445
89017
63990
98300
70072
74692
8625
3837
29866
43703
92625
5097
31437
24082
89049
28815
82955
26057
50754
89773
92402
64266
93155
31910
9939
8600
40549
46669
25082
18139
99580
84022
52
72734
54983
898
84937
20273
76107
86306
83593
10502
27148
50059
19691
86798
26239
58644
96401
60440
26615
60871
22394
93593
23455
70733
60133
66773
89980
10266
46656
98038
45911
68510
18948
51670
55983
46472
71796
85600
33007
96732
86320
36862
66316
44531
3507
66845
15463
55553
38751
99287
24214
24290
45850
48413
82390
52687
78611
22698
65146
23828
99761
22599
37804
69096
3953
9002
60147
46267
59011
24140
22795
7209
76696
72462
74093
84283
36059
86993
76284
60683
13896
67198
48057
38685
841
1113
19888
88293
47603
35512
38778
54196
38119
67542
26831
40173
65267
62815
42600
10126
17163
1772
40449
29872
96349
60519
41894
68596
72677
55792
81342
66068
60286
33106
9896
69819
72423
2995
70898
64425
58013
47493
73102
55211
44977
19027
99164
31823
4788
37825
181
32852
42552
42240
75269
82251
54148
64006
12541
6065
55947
44728
73546
73484
23112
24183
31548
83699
98566
36482
63436
49578
46180
17614
54157
93920
14541
23067
70244
10348
96366
34634
14783
60130
61887
65943
51072
27365
76288
39620
68082
27220
25105
82202
28940
58919
62833
36399
23352
47368
36121
22424
41259
11335
47520
71460
15414
99589
27973
54692
67716
93725
3494
78597
57541
19975
59930
82226
37570
68101
40189
49798
83108
53344
12530
15934
23333
2547
18966
43191
50324
89861
16317
27334
35238
98411
3811
36770
39756
13473
26681
15674
84841
25439
33182
58837
51455
9135
56892
78791
56558
32531
21687
64426
1734
54674
55456
84111
74121
34221
55251
79831
9426
33335
60011
30337
36421
30975
46810
28109
34244
77188
80606
71549
7269
32107
78870
32263
43437
44941
11016
7839
14857
26747
37366
15521
86965
17162
27647
47674
20405
2643
90202
16330
89152
84921
75586
63408
7196
57208
65461
5043
72431
12066
98070
74657
16111
20036
50153
15098
19014
74458
18533
14447
6280
31692
22477
85895
50977
46351
35339
69019
64611
9749
45932
10624
81902
97242
9336
69056
17606
99033
67193
95158
77578
93358
78231
28008
85123
69981
9497
90687
95424
99023
65592
1261
52925
86899
78686
32131
41929
69731
43385
14112
26186
62630
53615
39775
3800
10878
67226
21628
1662
82806
65217
98264
39884
60927
15575
18231
81056
93245
52125
16579
79095
80217
94103
73325
8984
23212
78249
52838
14071
4
96316
80422
97341
6676
84637
72936
26811
37492
51983
35940
65094
14140
81428
73649
67969
29181
8413
74608
82066
1454
80927
82486
386
52376
55619
15829
26070
38593
56298
48492
26650
10487
1725
43495
39981
43578
46245
62182
21627
32016
32781
85111
64003
34013
42338
18973
79943
11643
62545
69133
42368
89109
96273
50587
52249
4296
39666
95922
16028
3756
91170
61540
13310
62637
12257
54830
30646
98306
90586
35287
13520
35880
98879
65992
53298
76812
45606
73723
84566
80096
87260
15216
98192
62136
59974
99904
83430
62464
8703
57988
2475
29397
62630
16081
22185
5159
6155
2351
80765
57569
24511
17695
12597
25879
98115
24467
77190
56432
654
87933
78041
53745
61431
7871
9520
12451
33694
10917
75650
22830
31419
9337
44790
46761
87096
47363
23962
79681
51450
92440
37290
8359
23902
99637
73244
15022
6394
64194
85010
76106
55201
71885
3786
67946
28829
68014
77406
85902
85757
36157
69761
12682
19576
26986
80842
66271
61953
78415
60122
92013
17411
95611
10154
26502
69442
29986
40998
96596
52398
2434
51053
84942
53385
62983
55208
89701
71868
753
95317
46366
47212
74665
6196
33542
60853
32604
82366
85706
80328
71933
72777
73976
50319
25182
32284
92493
44120
32843
27751
48135
39076
47161
26076
19333
42838
77575
56232
58733
98560
12029
33874
2893
31116
38495
55363
18141
88514
80281
89255
98485
27069
54189
61026
70010
38426
81710
2992
7206
70129
22163
5635
89724
33265
85349
31587
18920
11544
83047
56792
81976
48266
72552
5486
85243
41128
53872
11886
50027
29375
18377
96348
74392
9178
69877
78368
48799
94408
70490
70897
7481
64915
18010
14161
84190
70120
20200
43466
23160
13533
85392
24514
73883
77923
5111
26988
37029
11502
65524
74068
37532
36846
18702
2265
61672
13948
40638
87355
31391
78535
17295
72059
57084
79000
81334
74962
46994
7324
63509
20831
83933
80612
12780
53607
96653
28462
3178
99324
2371
64036
86262
76708
48620
451
1637
94703
50293
70715
22633
6511
93681
73495
8983
9926
72514
49811
41056
42323
6785
1126
17534
85902
58436
93262
18527
27662
83091
19774
4565
53370
17465
49804
7583
62902
21280
89597
38636
44308
6335
35382
51502
2662
91799
42599
33261
8278
70625
24804
91250
40563
77968
49345
6745
77773
21606
22246
4319
81410
87944
48996
31114
21287
69077
57911
69650
48031
60288
91686
13175
7135
59318
15052
28891
53964
21496
83895
49429
62027
41265
33491
56151
52579
13343
36843
80465
49936
76229
97393
51706
58057
55049
68136
77758
40559
61156
60335
12174
59423
50415
8656
83613
41410
95866
21749
63653
89345
72876
32246
63328
67104
31262
74602
54317
89134
83176
51787
40043
30976
94117
41896
31913
69448
21550
95921
37251
15902
78129
26672
993
35517
98666
32310
70734
9270
15460
90273
71944
68803
82132
84727
69376
11067
20691
69059
86978
95054
5190
63846
90002
71483
52768
68037
45522
83139
30548
2218
92636
81189
31022
83980
38453
85178
68384
85037
8713
24754
68131
48303
14502
97854
49918
75091
59570
20992
19456
21784
43647
5157
1410
53193
14946
26256
95995
38038
22094
93609
52150
32531
50932
73511
26805
34653
60419
21129
53274
34947
35194
17283
85776
24919
28803
57049
83075
61132
54259
83794
2865
61384
83738
75111
32139
29282
48932
71832
94097
84808
44558
29352
16738
34461
33056
81625
7648
862
96499
24869
23783
35193
59147
76795
2960
9276
92576
54557
63146
74939
50526
26224
86917
12593
15808
29431
65781
18675
36
79762
35956
83331
39495
13462
52891
39572
2773
96789
8690
89330
43331
94429
18197
46603
98773
94195
86670
22876
53253
96293
89221
89591
26279
14088
35785
19533
57847
58591
43462
3028
62218
80417
60471
78966
29698
39339
1228
41924
46023
66325
56087
68434
37730
49108
53585
95400
59335
86668
96831
59495
16791
37109
8710
93390
79925
74024
11484
49676
24566
15943
16857
98537
66214
16872
29221
97086
54156
93679
18689
70613
69528
8246
71327
91938
19468
98109
59235
12616
74378
53707
24927
86717
4512
81901
43812
58238
23018
96675
48978
75514
71351
73275
24532
13173
7867
33393
25116
24236
16846
12260
71407
85871
33554
5512
56839
3200
19937
36484
37026
6279
90758
75332
69859
84214
20569
35223
69155
66581
70556
14080
37043
29973
7772
27504
10604
54512
24361
96362
66412
1395
40631
47408
44741
52561
69559
39686
30959
84255
21753
98053
57206
33271
31713
22673
93381
21579
14459
59374
42888
44749
96838
22357
35275
88585
10009
71185
73485
50565
1432
27609
69446
77495
31261
36193
36101
14941
23956
57972
38903
40571
8181
7367
27930
9615
90395
80456
44439
3523
25955
76456
2931
28256
80314
20819
83601
86877
32471
96876
1239
27698
47465
85856
66776
24951
68777
22217
56037
52278
69550
23428
76646
61119
36467
63870
87233
72218
43547
15711
72610
93723
95586
11402
40379
23821
39425
55547
85827
64750
89013
58774
30893
39390
96933
94696
91068
26078
93190
52590
76413
55725
55347
79821
39958
87446
13199
1539
79756
56877
95708
56587
13010
3003
95146
93572
19944
30107
14359
51399
40646
60973
30660
7768
78519
19235
18795
38878
17691
40325
56046
99143
77203
52300
7233
59128
26930
83556
17678
94169
95596
20546
14552
34489
11171
31640
33720
40001
53588
96065
38436
42496
31
46233
73925
91416
35482
39012
89373
75312
81677
66107
65914
84709
62584
15970
17717
95792
47623
80276
20313
2980
63068
33974
89846
88857
98575
75588
12551
31353
90122
98022
78657
37768
67359
35733
92315
87931
69121
53356
76648
82993
77221
64610
91325
67189
22833
23055
29421
24330
2120
39614
47057
92007
49805
38709
77889
26226
70988
77482
50867
18630
41812
96404
63669
83425
35517
7132
89040
64754
31264
7631
48496
39070
67383
22826
46963
83497
99425
89323
67590
8904
38976
22676
12082
47530
61142
79232
33145
75785
68471
90068
25669
36254
58711
17717
82398
66464
85516
18264
83313
66470
75848
23096
54780
33410
28609
56486
29314
3721
46048
45325
33273
13501
25618
45407
41795
23109
57259
15142
16952
74464
72063
90485
52715
27505
24353
585
90163
65157
79935
88248
4665
10884
43331
17609
19565
57832
65319
81199
72817
29591
5608
51863
70585
38871
21459
44085
45714
48559
19790
65231
52557
737
41768
90398
18778
95067
2920
18263
82815
12502
27635
16236
74488
60489
38544
41231
37996
59354
73076
816
38082
39905
48201
28011
94152
94844
72796
89951
20970
96927
8678
75708
49246
23114
43307
21509
5966
30554
19862
27799
78210
63372
83684
56294
34017
74400
81275
14979
76630
847
15028
75661
14659
43182
86943
74757
86459
87051
66875
87901
56407
56606
32384
35232
72168
57978
56061
26171
41252
78236
62522
79377
45280
23756
71265
94654
23367
66488
97521
69865
95102
77741
52664
92502
60150
83025
84306
39267
54982
36923
38702
46135
18312
23721
6515
19877
74033
7659
72237
6452
77930
15642
57044
89989
69204
26473
63356
98253
35031
76964
65659
83690
49473
62624
60783
11254
77208
15685
27651
40956
17019
3623
48603
90076
62621
57822
6621
54010
7165
50158
82542
33923
115
56605
85768
55290
89142
66020
89118
37563
39158
86811
25771
16725
72098
61417
90282
88289
19729
4351
73331
84033
12565
77889
74837
58048
5347
83315
75304
88270
63383
19917
4379
16302
68904
31194
6584
75335
69991
59443
46191
45899
30224
13742
62822
29612
60668
83398
28113
17209
63608
43380
21096
18312
85981
49677
85893
45409
11529
85188
78727
75734
31682
19312
17184
16992
48243
96012
99675
38191
82201
57018
30893
69229
19518
67346
83404
5614
90595
98984
4307
68864
30398
84219
2801
35532
67120
74814
39864
61750
98377
88270
66862
15800
3658
17319
91778
52264
32643
49485
91047
53683
94858
25431
63431
32565
32115
82230
51496
7193
42019
96295
65194
83031
80736
78512
98909
37287
34560
29156
97123
60962
57294
97654
86937
59551
18822
65228
67799
22358
95002
71169
22447
37208
32442
53773
4524
92543
50703
14649
84475
56429
81878
21963
78041
28227
37908
38333
29209
25911
48232
6227
47996
11507
16308
81039
21186
2888
7671
73178
55849
43761
53937
67638
88141
20624
93193
59472
78716
97672
32727
653
36109
16609
78345
16593
78093
2396
18952
41352
97463
13585
71570
73044
52866
8598
50850
6779
20239
62920
72244
18623
72318
99478
67781
71187
23665
37575
95440
51372
4717
7360
80220
14914
43480
9731
78526
7243
90573
95476
41957
15006
99153
76662
32928
62474
8505
91349
49261
44128
24534
54940
51421
20103
70219
98834
83778
53136
90927
56443
74243
34094
68278
3399
52955
28355
40413
84927
15542
19710
34952
50870
419
97426
12557
5328
26776
47234
4208
85825
5158
11508
85027
21177
12980
66366
30520
71123
53332
35824
93509
54560
21003
54969
82711
88336
36707
76316
26642
29581
84330
86247
83723
2020
83202
66404
89393
87278
7757
1108
98596
5491
72314
20550
65901
18171
54050
8762
88260
14919
10402
19904
20109
79463
42830
63646
98264
89137
46535
94890
75424
81368
81682
72897
57324
6364
39489
87368
29234
92455
33726
63114
68695
62648
83954
15364
35336
71180
34814
35948
72858
52148
57727
52852
18447
40366
59318
86519
89315
740
51030
43269
80583
43327
10084
37032
71872
54062
87774
83101
89339
35884
71228
90237
41487
55390
29439
62827
6525
89180
7606
56769
56991
9922
73198
75275
52841
19292
64711
59644
91312
90685
90079
55264
6939
84388
13948
85743
67689
26661
72262
14308
41535
62529
37178
41830
66291
20328
63852
8551
85884
24563
5849
22089
16933
99321
21774
3774
74603
68301
67153
87426
79069
56459
69736
27690
51105
61487
14278
44355
41288
36271
10613
13071
85749
94068
82289
47890
97068
53384
74916
49864
61026
26232
28910
78035
3855
71098
11880
18376
41656
66798
54590
73633
54519
37590
75855
98182
40632
78984
44612
9129
97578
1272
85200
65892
74903
30971
49624
63818
49882
39771
80935
6522
50441
79988
89114
55300
79296
15974
68856
44251
157
8763
65217
2904
76912
96100
61168
20940
54301
86443
7740
66091
74618
53382
36913
78916
2361
21818
89190
77760
73439
46442
36146
14389
53540
83597
74121
26844
7757
2725
7670
71114
90450
53520
40579
30363
11931
70458
36073
87388
70313
72395
14700
50138
1482
74376
38514
8829
8348
52480
98540
25737
60484
1620
36492
90474
57147
33040
18894
26371
24830
92317
24959
57636
60076
57073
93652
77128
27612
71985
57507
83237
6163
30673
42518
33967
96231
35721
57167
43362
82134
92006
35718
80558
92602
71303
89048
82586
21051
27867
79228
8322
82000
34552
28086
78926
91047
29256
50436
90071
60521
40742
38675
97160
99564
54902
82681
23538
94180
53052
50891
30037
78461
6326
9258
885
91321
20727
64612
76019
3617
64900
52640
64006
71101
19481
47853
57987
97248
24438
38508
95642
25676
90252
75013
51872
79338
71461
40439
91874
18737
5735
69047
43863
40940
69553
89976
10737
12113
99007
15103
97030
97106
24527
53527
66948
22292
93785
30226
29146
13266
70663
62009
31931
54091
80299
22430
88150
85268
98748
41748
32728
71351
85451
73096
87467
65979
10254
32443
88980
83153
34513
33034
39793
2946
56078
72701
28063
52644
61489
10465
66448
85385
76553
22009
88796
15660
53637
39035
14879
65519
21318
55004
36102
11181
45842
76884
9059
43180
76534
89987
20913
73538
82406
64721
50150
35551
44919
950
90704
80267
17107
58779
58120
18513
31933
24344
37918
56707
74912
45164
36223
8761
86778
91429
66779
39137
36223
34866
72676
62869
70055
80563
71274
17847
19248
78825
60904
74218
67455
42356
55726
71535
11562
19274
74503
50177
81284
69046
15688
88617
41265
15915
66922
71373
14856
71300
58000
4978
55579
45474
7521
77948
77520
87278
37731
67471
988
38689
53782
30030
73280
60175
30604
5468
87933
60544
8349
77658
27852
89476
99934
82927
92846
97225
43471
30708
62144
87903
54165
46556
984
74309
89331
81486
59472
66236
5047
33852
15306
65036
58169
29411
96372
58043
71642
18313
48793
531
66062
62990
4186
96071
55971
25754
73219
80825
1142
67446
92186
22959
24886
25509
27439
57540
38709
86553
95666
44061
35840
90088
64203
20203
23890
60713
42979
64383
64651
60808
73410
65102
70705
23451
50760
56531
41710
94874
11866
76543
3539
71650
21954
1321
86917
32941
73943
74539
49972
13937
81255
1092
50999
39125
72930
6244
65948
45792
25624
37318
54605
30680
90608
4313
1475
87797
62501
38144
25354
63416
94457
74275
68315
48285
20344
10944
28952
83629
60909
28273
68308
13118
15203
71875
23761
85352
21501
99274
16979
92247
76471
13722
1176
37933
13453
46404
8473
88610
83929
64453
39575
94847
2537
90785
69747
7596
38482
46901
79032
68596
47673
1709
14970
48647
46004
35409
30553
3979
9190
74539
10349
84410
93466
17835
82500
18016
6569
47805
33623
37290
55737
21971
26120
38356
69623
75328
30198
31537
10099
31387
12635
86938
91284
48516
21015
70770
1718
79129
19798
44991
51838
51948
80290
73141
29329
58972
93172
13955
38794
98156
80560
46914
33078
29915
91534
33558
79129
29884
32957
25648
76970
22836
44307
49496
29528
71897
85827
20630
77328
15991
29143
6444
54856
12211
24377
72964
70892
90957
37818
27950
67353
36529
67144
51343
79530
55532
14511
36375
40668
39386
84533
30975
78850
32049
438
5913
92399
1298
84585
4614
59549
67758
68561
2756
51291
47013
30275
54483
17863
4209
60552
40115
56728
92974
52213
38932
40977
66091
68531
60019
54541
53342
86147
16637
50607
69468
13487
67968
92927
31262
28423
19237
90843
95410
78739
16601
94444
17913
4860
47641
91444
7923
76158
74737
75622
20676
9709
95103
61086
70776
26541
4852
55796
60512
11601
23464
50154
66535
17623
64741
26112
74471
3120
57477
21506
12923
46584
55218
3028
42914
24740
40690
4226
52564
66341
26910
73552
37405
77285
77445
47655
38523
79372
93547
43498
59662
14544
80690
97283
81293
47625
98664
16992
51546
84932
49459
48418
36387
44983
43626
42531
28462
61812
50173
17129
10406
63695
61202
85312
17765
91793
96502
37084
97690
3567
87563
52719
26283
76808
69969
19177
43791
60145
79572
9186
53917
16244
9549
9916
9235
93614
51707
45377
35003
19957
65570
20851
94689
85869
47848
79197
19309
55860
23198
33292
3157
69663
83544
91410
90014
1513
28180
9838
87193
5646
77582
38216
34838
7689
38622
77434
99295
3327
28289
53768
41663
66123
12629
90302
32808
87716
76225
58036
97770
3414
91447
34640
85335
22071
59495
94261
41157
36800
12192
6695
72550
26921
1932
61237
29904
50257
72099
16991
10842
34874
34836
52833
23013
4983
91677
87945
39570
62282
98167
24928
90794
61015
34033
5172
69106
71896
43355
20076
2073
1817
37575
49885
33282
26590
25737
5056
32645
63372
56934
34566
90471
87643
8899
60648
24845
3188
93916
62913
67705
97051
64304
58747
51440
1695
61298
21734
936
49893
22360
50555
62988
82738
87761
32634
61309
96217
50193
40603
97437
57918
5003
98667
12429
25726
25239
82376
22664
50189
44092
91759
44342
7305
4305
69091
46646
70966
66514
20727
92765
17414
87886
31083
20230
94167
35970
36584
49637
18281
73804
66640
97313
33257
47344
41703
18735
9444
29128
76157
57925
48191
11555
14891
70585
60445
51315
44451
70929
65297
16058
39668
36124
5309
80187
13979
2908
45328
92723
812
19708
85259
80729
70199
87874
91790
34580
63851
84402
68403
80070
46692
14056
90371
43245
26501
24155
77881
67060
95205
24247
70996
10171
72989
30456
61089
81538
72260
55936
52068
99942
64106
66450
22608
92304
34583
55110
50716
33929
37559
76159
52826
25034
73825
8124
73993
48195
43637
50069
53896
39761
19495
1637
98281
99105
86033
79035
96016
599
88224
88000
40821
39368
93699
35006
59312
61208
9780
93150
74104
63472
36500
53808
1667
75160
25515
1771
77917
40859
87112
4554
38126
90681
44306
80241
80420
25921
5216
22496
79134
21556
54432
38850
2121
54053
97399
56867
85766
64748
51543
18965
92951
72377
65680
32255
90600
73438
33784
88306
34602
13211
30681
95830
54111
1688
28181
39514
79973
26471
52281
97266
74609
57672
52153
33245
98790
8310
59724
84531
24222
7468
30585
81102
23902
51586
2369
75746
36462
76452
38385
58459
98838
67355
75043
50096
51289
47498
27060
49162
87720
78600
53
58981
86164
70860
898
72654
62094
15200
69405
41761
83602
54333
33578
39386
13409
25611
81716
26090
26852
78123
8890
51339
17243
10877
62975
30348
12468
21324
2801
86847
28742
66958
27400
64214
82299
74305
28029
32813
66123
39425
71949
49073
83933
77515
74037
71225
25889
30093
16266
99510
10495
3658
43874
99903
74871
25073
77494
77784
24357
32581
15499
79217
99887
81468
30245
86980
45568
99697
31668
47658
27399
29609
20722
6778
3033
45546
91510
88650
3109
59976
37316
53462
77604
92691
4365
26520
73814
15022
98388
44221
79455
98395
47436
43574
34493
54874
79854
77831
37738
22310
72846
22281
41767
10432
89729
76667
2008
16179
6936
81753
77712
90873
29208
68044
69316
98576
11030
70188
34984
20600
78008
2956
61018
38953
37354
10893
54477
46336
32940
76108
74880
40301
68283
32221
93793
84483
65154
40195
76733
5212
27836
88385
93605
73739
18096
90490
12796
11307
80705
55625
8225
30938
75831
12922
64452
54072
7255
59811
32240
90938
89905
46709
88095
74747
70745
11842
37952
33964
36759
20079
70699
78635
53866
54927
29810
34222
1388
38644
58127
59169
44023
87470
22916
2879
4606
44267
35063
82212
30599
34506
93011
1743
28711
41664
39739
72767
92528
72548
5583
63246
81641
38436
33657
60691
72412
59885
78357
14424
64248
14030
96145
32391
89860
53979
64846
56643
6389
46512
93507
88217
1541
27771
82134
68408
31053
5514
69941
76639
18058
78390
23374
8044
66293
36600
58170
78914
19170
41432
27933
3865
15992
91483
54502
66084
61468
42360
40698
11711
40392
98165
53382
89692
62683
50935
30177
7747
82260
71507
76377
81867
49817
40323
69796
22894
9256
49611
39410
25884
86695
15327
47373
17287
75386
73513
27340
58635
85170
53786
27372
56398
99846
48835
56203
3018
38759
34871
75046
13882
77506
4698
21223
70074
64131
43817
54690
95756
96213
63255
38676
42470
50103
99813
27647
45876
80888
59805
61733
57605
81387
81800
7603
11969
19089
30527
88231
43411
65477
19429
42444
1808
32138
64115
49904
97322
13613
35663
29376
78801
36116
30556
37807
75231
84092
75204
92425
45807
79369
80747
73777
13823
50663
48434
8395
31306
53551
46320
72832
93115
23780
62648
95732
21509
35385
2275
26583
12929
13707
65268
17046
18750
61901
92614
31038
44794
97091
75905
19289
65510
66510
20340
78735
48004
53769
12483
34013
18395
5862
26879
52699
52007
12589
68215
39487
93677
2231
32058
92696
6143
85747
11902
76959
22634
25172
86423
40682
48207
34923
26142
37647
48227
27482
53002
52934
58085
29995
81515
83682
22273
20128
30020
13087
50074
69638
19027
89427
46960
32582
59421
44670
81865
43422
80569
27183
43325
62879
41868
45361
17139
42421
98055
66466
77520
88114
18644
58083
56440
45197
83884
34856
81542
64678
78518
30692
25359
34075
43616
45065
87582
69475
57410
18112
47682
75305
56205
69476
36115
56337
48116
88315
98221
57252
62567
14027
54530
66005
19499
66952
8238
86416
90616
67117
27144
71584
4396
33772
20085
79760
74197
53633
69277
21219
33749
62732
4538
41178
93194
98186
87375
26658
18620
68176
70035
54374
81700
73600
80852
43797
58009
38852
15878
4395
66025
60155
38099
72515
4046
48208
21610
42601
49652
74760
61174
81729
94975
35699
54312
1479
37980
60468
79803
14019
30826
48166
26708
77841
12051
22961
93351
65578
44142
80324
38546
93719
25752
36847
6207
62979
80467
3572
83424
87051
987
25967
72287
78557
13391
82477
17486
40652
8369
8392
79872
25059
23721
39229
88976
89111
33416
3233
13572
92072
23105
94660
27580
18907
6584
68225
72842
79527
6318
16759
94635
41919
20629
61132
90185
13822
81059
91284
9964
6979
971
5280
42543
68621
29437
72793
72536
19122
86596
35472
81763
96117
36294
97078
5364
86076
1986
25970
36824
88045
23957
45880
8811
21214
25178
757
1789
20831
56469
41946
45189
8131
25921
75444
16149
960
3876
11572
77915
55705
95711
49570
16711
16988
5517
33070
70109
1843
73195
84719
85669
77344
29605
94974
36627
67739
48693
63233
71090
30925
66471
10475
92487
53652
97968
99732
27842
71756
34618
86656
71632
83168
68097
34854
51922
36968
84774
58933
99730
31277
33526
26566
36561
63560
65704
48942
82644
69608
53037
2863
92130
89283
65564
57718
94184
27780
5296
89414
16182
90796
37432
21676
87259
11117
13696
10814
34432
36400
93122
31198
30061
64236
15406
12925
94955
17255
20972
51415
50464
57016
85638
9527
89483
65793
69896
34709
62982
20633
55784
27973
34657
6680
60282
88992
19295
82090
14689
56976
49178
8844
95295
48351
21204
80377
42215
91533
75147
45964
27235
11568
96189
96273
95645
17628
63543
98093
81307
35325
6336
67919
19400
2690
62942
90659
38595
24365
27380
39514
74888
97490
71716
67533
51989
58517
58640
64702
41055
46089
5909
5760
21588
83860
7856
81115
24386
7043
95232
97096
8303
67707
93141
86095
39430
37360
34271
21097
6762
46159
63717
19328
37502
78515
48726
52386
27824
72194
75746
54008
99711
85613
1548
2014
29884
9072
77613
66951
20768
92958
4759
84130
49842
84464
50439
55487
44195
47011
9223
23195
60143
48711
73664
9344
77698
31481
24584
58448
26156
10006
36607
574
58890
31
39789
32132
35519
80578
34484
27507
48390
51747
90383
65392
97192
28420
52657
46216
69738
30784
89408
44257
38479
27138
5149
20897
8044
49198
17447
2853
9694
57269
81369
20605
95603
17210
16854
92573
59770
277
28689
81304
74310
60906
87189
36606
84658
5386
96993
24386
73919
19479
80528
6252
14179
91163
53226
15538
17087
70907
66433
39001
61148
47572
68241
17830
14314
83362
83415
8148
46083
7545
57435
51722
69372
63738
49749
49566
35326
88816
36279
5133
67679
4011
35335
2715
886
18167
68483
61663
33721
26360
12305
44465
13746
96671
69295
5895
23826
36393
51822
32278
89995
17294
40721
34918
41618
78210
16145
70088
91493
61479
62158
86843
9579
97324
87047
36832
17733
85588
16769
85148
63299
87145
27101
93093
51919
63025
40661
44057
61279
43769
82281
3321
77739
1978
20320
59345
88761
28421
40576
4672
55432
22669
52880
90232
930
18851
19558
53011
96937
22778
29258
96649
26068
83973
5692
58695
82170
19577
24898
67916
71299
78204
84432
28577
60117
74112
25863
15422
13671
37687
30887
37862
81361
7375
74506
46015
66265
167
60739
67010
51243
86376
23856
9696
29268
779
58206
82869
2885
5976
26159
20535
2458
7722
71529
34538
234
11827
84959
89978
10185
97046
13615
2673
69858
52255
28094
63941
63727
48227
73813
93393
68877
7479
17856
62853
21098
76388
12201
53019
780
8563
45036
53690
48086
90647
7595
4862
45086
45658
30705
73006
33691
54976
86667
84764
12906
96743
15451
56091
78878
90235
30896
7688
89600
86478
32776
86981
15828
43631
46482
13366
4805
38595
3892
31070
78440
46737
47531
18935
1337
99742
40434
62039
32779
88962
61409
3070
65736
48497
32826
82052
62551
29429
57863
77857
17655
51178
96753
58168
53249
59737
85352
85012
37325
94139
37879
30917
77829
11208
72506
35738
1612
11665
57208
36194
41009
28294
87997
51776
94996
41239
74378
27160
65015
88997
8975
87709
93424
83971
47598
7135
3643
51021
66976
49737
9057
4422
9987
26799
86460
11305
7487
10138
63307
36734
13926
41991
1456
13509
47006
44060
57935
93811
50647
69801
27450
17657
44304
58750
28263
34997
87966
83853
21022
87383
7774
61323
31400
39229
32745
42462
28888
24805
72086
79141
3459
99287
61616
6079
90874
85148
5620
27368
1414
64101
99958
83066
38282
18448
5721
20456
36875
46956
48647
25672
79664
28164
54803
46095
80705
22706
98591
85341
49348
51256
88562
26476
26495
50152
48508
48223
73072
60494
4894
2697
3727
31095
58758
16965
37723
99330
72728
79945
71644
36183
16895
48266
38287
7293
65407
48015
22532
10446
65460
40322
95581
21714
56563
98594
41450
72287
23267
73262
45630
30504
13104
50784
40840
68583
56431
47651
4303
92382
25428
58369
81751
48336
68870
86769
42347
70057
5008
98435
9858
13650
45511
78323
23360
5358
25949
35174
39865
67678
90798
80960
32604
85875
20023
95669
84378
72926
10523
71645
62619
41408
33048
49154
92529
65907
3441
46298
10045
4165
30538
30360
81758
78545
4546
48100
75286
18629
92436
67725
17425
90843
71975
57845
77417
5541
90268
4358
55851
97092
65196
14196
56891
56379
34526
25792
63821
67301
79017
13123
64402
6522
37048
3882
6674
25890
63482
93373
9477
93295
5469
34873
49215
90874
51776
49406
97345
75438
45068
51834
54734
63884
73934
75842
49531
92451
44450
17541
56604
6371
90831
13750
36740
6074
10223
92876
31635
81704
34287
60152
5064
38736
65301
562
77380
48988
91850
77594
91111
23486
80266
71097
13135
26055
52638
45384
10690
76016
73043
36841
2014
2577
32788
82015
25467
5572
98800
34967
7100
31297
35172
15287
96825
13061
91396
59789
37760
16744
6227
11399
50955
91729
54195
9191
76973
74654
2136
86348
71434
48014
16270
45394
35772
47234
63077
47913
14551
77223
61362
62600
10500
67902
44098
67364
33552
6199
22171
26354
525
39906
20697
48115
78440
14308
55670
78059
35168
88306
51982
35393
54540
67076
55549
15547
73677
9637
54415
41911
66847
2871
22317
54547
35295
6095
57408
38275
86159
83794
84083
71933
84012
40264
87150
60152
52238
91879
86268
35849
15551
16244
19206
2929
3124
53203
63560
15213
16023
40170
79551
23737
25740
38234
35241
60209
44046
72075
56723
42751
2410
74400
4367
93718
88422
73094
82936
28898
10463
972
96109
51993
28977
12299
24072
27215
6555
39163
79721
37353
42687
93116
79321
96791
7278
81851
13097
83757
80512
12201
37642
44053
81233
19390
72058
56381
97490
98165
90302
36635
20656
98640
93542
93098
73001
42809
82865
54624
84413
13504
24963
91979
17796
1363
54674
79205
82059
85993
40342
64222
63437
51724
92869
75781
60277
70699
21972
44847
933
18963
43665
65960
81672
90121
72630
25726
58807
28028
9868
6962
46169
19071
73457
92429
58340
34882
34174
4467
72360
37426
99685
22857
95820
52569
50486
6055
38392
10109
12516
15592
63274
62102
50367
53172
75496
83083
9757
61619
29005
61427
43300
56046
27786
5453
23432
10303
59857
76819
60823
3100
22222
2411
58247
17930
73370
66922
40473
15133
67212
8739
89295
95994
93793
54001
57094
48902
27667
31733
11004
97542
10800
62208
50661
46218
54332
16162
84669
37216
18913
18479
59479
13817
18556
45328
26191
58384
20828
18046
36010
94922
50465
35413
19809
42088
30172
2228
78000
59558
41180
81525
22911
87997
70693
20830
8896
54642
95114
11369
51934
28829
25096
38643
35362
70469
86180
79670
37836
55293
30331
93928
33102
55859
66944
81054
31580
6556
82065
85393
34152
47217
58691
29572
54447
14045
4291
27003
35418
36683
50802
37828
59424
24976
4438
77754
32879
65267
49046
29870
19752
7541
78303
51280
32261
50286
24636
56956
86645
30389
74743
91904
78502
52122
81226
54141
1978
10684
353
91563
5563
82952
79911
78914
34635
6053
74892
97362
95746
13275
35865
29372
23424
93153
57743
40359
74162
49503
57578
59899
58359
9761
86925
68074
73704
62909
86659
2896
99752
51573
32745
1550
50671
62213
54682
8931
14990
57418
40908
87603
21930
64063
63263
11369
5835
85373
70014
94966
46218
70445
27906
94275
79043
18153
23596
80417
89626
3655
5894
82206
32053
27280
97078
13061
21337
20804
69731
17913
12198
39128
4017
41789
6836
55748
78815
63417
14157
36831
97154
67514
72080
50667
3056
37957
87297
65824
94124
14179
31380
95524
788
5572
32344
1092
44840
53400
23525
16578
93106
66135
72120
87326
62248
27074
69919
15851
48185
74395
28983
20006
1389
85188
7388
28013
3196
99006
32126
94459
42137
85857
27242
92347
26019
38791
20836
80643
69149
96559
36853
20032
71974
18403
49374
16149
51525
86033
55474
8839
46180
54779
64671
5155
45413
36972
60842
9100
23896
41012
46647
27213
99301
73281
43340
91529
93258
15071
6886
17083
91738
85306
40329
6617
99837
51147
27176
46038
65500
51793
73008
25624
371
98389
40933
21259
52866
10703
7295
31499
38167
89321
59231
22384
21029
85353
95908
81203
42207
90750
89919
74287
21528
57825
56492
7669
66759
30633
39390
59308
35796
93607
30616
62106
20224
40593
44935
7050
61889
24363
74067
93545
73809
94158
1245
27743
28838
48601
40811
13133
47981
95010
75937
9042
8108
77047
73837
20092
54786
5825
53491
60588
58076
96769
94742
80570
84119
48696
79488
32029
33812
45603
13359
93832
63152
37122
60007
12438
86308
67945
28693
45445
69263
61754
61581
36079
84608
82259
10022
44183
65121
72744
46018
76284
2334
48959
84339
3116
94063
53478
1190
71553
2757
53551
75150
98559
92058
5488
53097
48843
72190
12226
697
5085
22051
6638
91826
31921
12406
36768
75206
26731
78196
78076
9445
66407
20398
81897
98867
65116
81588
94836
28042
87151
34706
51922
25807
69778
99869
24688
78177
554
78919
4662
1708
32416
48950
83538
1525
26519
38596
19463
8700
94244
72769
4818
70374
89313
40993
29774
25256
16016
56849
31501
86148
86883
70275
88479
35980
40119
67928
37412
88151
65510
71579
86027
75510
80164
40497
867
57878
77663
69211
94813
17978
9446
54383
33128
49112
5850
93388
54370
66914
6430
21235
10682
8155
47687
76279
68591
40149
46051
79614
24305
29630
27339
57225
66493
52054
45934
70302
10406
99228
81137
6640
45706
22527
14341
70114
30876
57104
64664
38109
71056
5148
45566
46106
28753
23062
1505
38529
65509
6578
38317
96933
31984
67566
28978
94800
41751
23312
12082
51218
26562
60552
24850
99218
31793
31542
61471
95707
18589
73347
46886
89857
22741
60021
16429
65590
30134
95550
22803
68279
37057
62559
29705
87599
25537
17631
26444
87748
89397
82025
64395
9805
9098
28218
57545
42341
48899
78398
65940
17630
82050
75002
62888
48428
94614
60013
74259
56604
94017
81258
5437
37837
94667
44629
90518
65691
57301
56027
49170
29610
2897
81357
16675
68046
86398
9543
79367
91794
16687
66415
94213
49714
65801
70824
88501
38201
29065
97696
1792
74015
62482
16951
55341
21246
17558
87842
61072
67774
14441
35919
76984
4176
97945
20586
33341
61666
41533
33537
59941
45535
4971
52286
62428
67901
81460
1810
43987
82085
27132
49796
9596
86023
77863
3806
17546
78414
45523
95241
23434
10578
1622
53317
49421
57631
47895
73389
55474
60580
66016
1462
48526
37976
75331
79009
42492
93038
13533
46971
1048
12069
44655
69150
19784
6432
17409
5860
13807
55187
74281
72001
91411
2038
42742
75840
28886
28407
17655
77923
29546
66140
22300
54854
51150
75463
86358
29841
34233
79145
64425
93718
8329
67362
21384
46679
31713
84666
13722
50076
74263
72366
37523
91037
79230
47388
94268
22857
3069
71842
59770
70092
95563
69314
45420
11943
78398
81697
69450
58315
99335
78956
56236
67568
67376
4077
30522
38505
30648
45228
72960
77710
78132
91565
6048
22059
2091
98068
53942
79098
79289
60396
82911
43790
46237
37800
91114
22792
77556
31422
16117
27927
59414
72934
41398
36317
8618
73889
9655
86534
54762
71304
29008
95604
36939
44233
79517
80818
16303
24040
48342
91760
68807
15578
45779
43578
89053
83649
36301
17280
1121
88652
77302
91108
23232
86559
79264
68169
27582
17387
27534
60010
1377
77833
40743
15076
13586
27481
90181
40174
8446
67490
38594
37777
40895
86009
31699
65797
72465
4884
89430
67296
24858
95421
11606
98500
6678
12388
68514
87371
30834
24511
71339
43145
73121
28466
80270
69369
19508
99715
16830
17296
33930
98936
13649
30528
1659
95244
44107
26871
62873
6327
33205
2535
2519
29036
80328
31793
37608
63984
38150
39830
77924
65980
57749
58278
37570
18257
35626
30788
23417
9635
80461
27595
46505
85991
73456
38516
99083
26830
10179
45484
13658
51393
20875
60239
73162
54518
40853
40747
80053
55131
39100
61793
62015
71907
27907
21378
95122
45900
65916
49893
50444
17203
94716
6696
3088
19622
74156
66578
7723
53697
7385
72069
88963
78814
4707
55482
5834
25850
42402
99977
66009
57540
23717
20729
19061
89545
66961
54537
32986
6453
23018
34696
96020
38784
81739
67332
47735
3584
76746
96515
36949
55236
12360
51090
51147
97209
950
87152
53437
63331
81759
20056
21086
79338
32794
23716
23928
5976
3003
44670
15336
39785
36228
93165
75873
89883
4861
71654
53384
35578
55731
46326
56307
85008
48112
11748
11660
46391
2233
73624
99189
73090
17715
70687
20885
31553
98863
92354
30050
8080
87850
93085
27959
90187
27430
17179
37574
11709
66652
79247
59615
28958
75092
38813
78093
43154
17765
2445
22063
55027
63037
29585
75904
95060
60246
75400
82355
37552
22621
47585
3678
65492
17698
86227
49749
15857
3316
57771
18587
50372
37983
79952
30299
17845
71362
95039
91117
37012
44256
59782
96010
36327
54276
99937
67764
69190
84126
6077
76481
57435
52589
85818
59887
69025
9751
44833
66008
19341
64156
76770
40797
53441
36548
30912
92386
93479
71026
54673
29478
75257
11815
90778
10546
17585
79126
38230
83304
9668
68087
3319
91226
59073
27309
23195
90010
83643
81766
12945
75385
20543
22329
83906
10647
98001
92004
56776
59273
76283
823
17710
71861
16234
65570
64276
51474
56217
72484
90759
97238
92840
8495
6930
59553
80722
60003
49045
78235
56889
52912
24809
36516
54252
53511
70833
38300
73250
80862
41057
63174
33861
89868
72188
4259
61348
54038
45324
77712
64073
2604
35104
52538
66862
33662
57016
13520
23024
66678
60920
91028
67664
71572
36155
6796
58255
93491
86987
63554
72544
63923
22191
27284
56896
53697
95073
48115
39627
12073
43604
55917
5941
32666
2477
19964
6069
88333
66278
78722
56350
28494
89131
79552
83919
52790
80891
65385
45491
54292
36662
79888
71622
1296
11307
49177
17386
53463
62171
4453
24064
79680
81292
93586
41505
93748
71112
16518
85301
59860
2535
86001
91754
98079
70457
12699
25360
48371
71651
82227
69150
35028
18843
94207
20444
83353
49196
6290
40662
24607
26754
60140
85091
80126
11915
27656
3056
52518
88374
54349
71170
50947
23210
95829
47658
54611
99420
86597
14962
91233
32770
10612
63304
24911
67014
82799
22293
90757
31383
72652
60325
35101
12123
59399
5315
93614
62464
97063
55064
23105
68860
65791
71299
26407
39924
5491
26842
54834
54038
47212
47188
18321
88674
71269
52351
75578
89120
36431
9792
5740
55538
95133
27951
33940
47526
22401
25220
92762
45023
11337
63269
29401
1183
40012
9302
68736
82435
59156
3505
54541
68104
35677
75204
80282
93712
6795
55649
89759
96237
67242
26292
938
75419
11335
1937
93582
70355
6131
89292
32052
32360
89304
78170
49054
94410
88971
96322
15074
11178
92468
34909
17601
33024
4442
71382
55726
12954
17257
30659
20200
75079
88254
41506
77225
67713
22897
18528
47170
22437
33423
97444
76443
48019
19008
9427
80111
4988
69818
80290
19622
58591
13286
94249
31605
62412
4416
93804
32127
88026
96342
62715
79043
73978
42369
37240
25447
38055
72763
70748
84058
87377
59713
23240
60608
66118
639
69804
87188
95519
33194
58022
31312
55413
17823
7380
31212
20877
11694
76479
12348
65583
42397
87538
29899
40392
20823
22102
62861
83796
614
25362
48347
34838
63342
128
23840
64246
39582
86477
6690
22372
65189
87439
1498
96655
32906
23100
85869
16035
22653
35428
45213
43472
34632
84809
16305
62095
28316
31095
69876
37638
24775
83550
91885
54816
62071
51209
58608
39578
24304
96610
17181
57521
27493
62179
19622
29574
46060
54843
58583
78147
25719
18597
47563
19184
52093
94018
30052
74120
47625
81884
75077
1577
55724
49180
3212
74005
70631
38236
12533
73365
65287
73961
41365
42424
69986
92022
41398
27620
13129
71637
39834
46488
10777
84762
34679
52198
79720
80419
99730
91163
14793
4919
20567
29999
67935
89365
82068
16595
17131
50414
51683
16929
2173
20650
93014
80109
63977
55925
69208
23487
77503
38500
24796
42705
98372
31880
59191
45489
30681
71675
23405
56406
50299
70554
20080
70351
1648
30742
75727
44784
56102
46506
94483
3847
78621
90938
57869
35413
34946
34778
21741
11180
3006
30484
76779
8321
52900
88648
35180
3504
76652
6301
10180
10807
57959
49275
65028
90612
47857
67177
21818
80323
12130
72779
63815
27050
61313
25248
70951
91002
50362
42475
43250
10670
85120
18759
66080
20984
60765
49412
63836
336
66751
39602
34051
33241
48551
97323
19030
21175
6442
10714
35619
33177
2135
46583
13639
44878
50455
27803
57234
55333
80107
28045
50852
67810
86125
31509
4976
99692
43513
98586
50930
66960
50011
31902
64841
87103
18929
95644
71958
50845
33754
37337
15099
774
12767
82330
67768
40671
79430
55366
42806
52258
35360
32987
76547
35092
13436
48501
4663
33942
95769
8413
18825
42023
35746
33100
35128
66483
31362
12483
29791
10683
71637
95046
32897
76089
9770
74744
87121
55745
14701
69567
9222
53814
25050
47678
10164
71021
20033
6421
29861
55575
59578
48243
78089
6494
96599
14181
1641
22425
70822
92112
5115
75949
66151
97330
69101
47694
64250
56455
73832
16162
64066
10397
52755
58495
86741
62527
27852
79300
19399
67092
61468
25923
79820
37007
45268
75897
71809
19517
94972
56217
16362
63888
58644
84792
26897
6501
29005
66494
48599
79192
46410
26518
73293
11198
82742
52111
92417
59458
17521
25938
4299
85404
18078
52229
73478
15383
66062
3356
43358
96764
7142
78930
82502
9045
65537
25539
10236
20190
4534
25715
31369
33187
35474
60897
92892
52274
92007
98568
55938
3817
65309
58192
77699
87397
16151
74410
23785
75987
65461
17027
34844
87413
85756
45597
9313
58181
96237
73330
71902
31147
18114
59021
90724
75994
89674
67231
7714
26558
21294
97763
29997
25735
67226
48339
81610
51807
56914
15652
54521
43885
88803
1834
38806
17550
18612
45382
98143
64364
47126
98822
29151
2054
3757
44743
1600
46717
85267
11090
5950
15733
90344
50669
80901
10811
55716
21733
40575
25635
69187
85455
96820
12361
84178
77011
94805
27432
9755
26702
60544
20368
80249
87276
56588
99841
39692
84638
80949
32979
80893
85611
78215
33962
53513
12659
24872
96301
69672
9299
10111
88001
32249
19434
1441
36425
26638
35896
56159
32388
73116
71791
49253
32116
96459
55817
92202
71179
9370
76654
49653
41947
95609
59166
3906
74547
7633
98050
85142
78778
74702
93580
56851
4122
59646
81585
82080
23517
87078
92688
57700
1647
17201
60491
11359
27164
35522
54234
41986
73881
10254
80686
87796
7962
44009
51748
49630
89591
19738
97146
7661
72940
7456
29873
28331
41095
67342
9288
35958
67035
58527
45842
19053
34747
34926
46360
85568
34976
28371
52952
83065
23816
78779
51242
51533
12680
81520
96078
65005
99530
46794
27497
99973
91363
24362
22386
67576
29470
50111
77035
93658
75025
71736
63362
2139
30964
12535
80484
34739
9469
85196
38515
81896
24150
34244
3923
62682
11879
26150
19254
99628
81999
16066
47401
16406
42928
39259
6434
54321
23839
66922
56662
43428
77241
72238
76107
95059
28575
19697
4260
64989
75314
43991
97229
93397
64606
24990
11583
80110
91960
79804
98305
6560
85393
26045
4047
66365
86418
98099
22493
35471
10954
7647
52275
73564
65592
50843
21902
60293
19754
49748
34645
34860
9630
13191
75526
12972
2536
31645
8861
4013
4481
85101
14910
53517
3749
55337
35850
26797
1753
36516
81658
58750
81940
34679
48742
27620
50531
17669
88386
65317
39779
53674
57857
33219
52990
66079
69109
41337
61217
21520
17429
98965
39140
28490
28325
58159
17721
9735
72803
99554
30622
14682
1759
89890
41496
76104
37256
37956
80998
32475
93671
88542
7900
45338
3148
67959
31634
16354
4060
54303
84372
52305
42919
51455
95417
26900
33619
16799
8486
5249
74680
15811
70302
45024
2029
6360
43645
31607
82174
87105
19080
84147
47192
94860
74431
95764
77788
4515
68879
99199
11706
36260
86878
1691
68099
11087
66382
95791
77447
9642
11388
16468
59446
19062
66900
62611
96865
11965
53500
85096
54669
15807
93224
69646
8863
15078
73307
13800
70820
66679
4820
767
88622
3717
21584
64004
27309
49694
94670
65807
88683
42986
19567
77423
19556
68369
60422
80056
31435
7708
60681
12761
82773
799
44148
95824
97562
78486
62743
60877
48016
91603
68918
93521
92362
57478
65632
84736
6551
1170
62892
26372
94261
87978
66499
59727
893
81307
42383
26697
30541
68178
92903
75324
83896
60608
82890
86988
43509
87273
11243
33969
5202
86053
14410
88178
18292
15500
39304
25497
47493
39265
49071
40801
59090
12755
46715
63421
87034
42376
11293
86436
47117
591
21302
60501
18080
73737
3822
19796
77366
80910
85206
12405
55438
53946
51094
55446
18091
13333
23933
65980
12680
67799
79333
86664
62703
69276
27129
21448
37913
81467
92465
2598
82631
79446
66708
20625
42011
97107
2959
47711
39211
39788
35236
86311
16161
52952
32175
20902
11841
1158
22516
5105
34406
38143
93962
63908
48571
3849
93280
65310
50287
76510
55584
37188
69032
59285
32088
99329
98110
99939
49242
90088
54027
53309
84186
48184
24708
20280
58583
49878
81992
63178
97878
13898
98870
35893
64007
66097
69020
20380
15273
25966
7216
81991
15308
84128
7233
96051
50361
89488
41018
9574
7933
1063
90252
94873
36531
67976
98270
96635
53475
47011
21573
7893
25114
98928
19811
65750
54970
24655
64714
67516
95195
33090
68348
48497
63322
20479
36855
61797
83753
14711
61646
45449
1428
75385
48132
25724
52353
44019
57393
84056
96637
79833
43427
5465
5456
72232
97566
69558
718
87457
92942
72859
27374
51687
15056
61261
4926
1411
7354
43307
73755
51354
94925
93145
93309
92532
65178
43913
36616
43428
89115
84394
24553
77179
24567
17534
61318
29403
67024
8688
71463
50642
90376
78116
86615
57508
90133
82819
27864
58472
1649
60318
53610
78774
93158
42903
61641
13966
14558
80900
48156
81989
45102
71437
88957
550
80054
48173
42334
27766
86871
34474
82489
83295
33178
26285
51587
94729
40752
42478
20427
98045
27627
52161
53382
73210
62773
81483
66315
89520
44963
82074
44526
15475
99677
50393
74176
21236
40073
76707
70902
41733
37699
79942
88663
8025
88521
31013
71671
69462
57883
45093
67081
79866
14142
68878
5890
9573
41544
37438
83808
65301
5927
38959
18538
93707
67030
91742
47144
9959
7750
12741
93635
2366
49629
77022
74259
39478
84832
96492
5600
5371
91693
97838
89689
41188
4919
16945
35896
24472
92745
49559
53968
81324
88820
78870
86604
118
38745
47044
5985
96755
72892
94823
30884
92112
24552
82973
52485
27286
89441
85273
77784
24947
82285
40679
43737
99348
24348
10797
64973
12107
81650
21208
87697
41774
41247
25141
16351
36194
13197
53720
26971
26064
66929
32385
6019
76268
1060
91429
79539
52831
7404
67781
22554
71475
1515
21087
63884
92549
60285
27657
99772
56951
33809
62198
32907
26103
94724
27514
43294
18285
58331
86936
27479
4500
12880
96288
38802
30600
4043
4402
47050
35128
29551
41538
90715
61897
95940
30676
41204
62649
14089
63717
84792
45841
17899
16177
59734
14078
29914
91843
8695
95262
36904
91822
79037
28165
75658
89774
73551
9253
97519
66711
70762
84037
15520
56285
20635
47158
41826
77587
10946
43080
86642
58572
20514
13650
82105
83519
47282
81658
55884
25438
12962
37522
61628
39838
15297
74280
57267
14017
41649
35182
21995
80798
64211
13722
94255
83143
53181
64433
90177
28877
16686
15469
14253
51453
80032
8724
4517
5106
42891
22141
31291
10910
74358
26431
63528
75406
52886
19456
47731
33200
26001
25788
52418
4572
8044
45330
31112
6705
92209
80632
28561
44805
60006
44130
18625
55347
33301
60364
131
58423
71517
95075
57168
11247
47382
60224
77649
47754
45590
67616
78397
35556
52456
11339
4796
80150
16734
86875
88920
23460
38442
39017
26789
37898
64684
1290
53115
13593
48257
96483
94379
32428
69069
5432
40800
41005
26677
30145
31789
9269
8714
31057
36766
88508
57688
30117
46128
53793
72258
91256
23996
46707
80089
3300
89987
87599
74953
5412
67626
84040
60405
26380
3877
97654
16743
11344
28819
81719
86185
24021
33440
38955
49053
71385
55064
98082
64495
35783
88262
6694
21666
2701
16233
49862
54149
99484
72803
78918
52044
17459
25070
41306
36587
94137
97199
62287
93941
59823
78598
78427
57765
57020
45638
46775
81417
90315
3181
19775
69644
56946
53471
61608
7331
93604
29114
53317
59356
76539
30694
60260
7996
96412
49421
581
5171
29904
16113
34206
25238
9879
95568
68663
28780
73878
27038
64949
48874
45175
77564
76131
93537
92217
26921
59744
15548
90490
70814
19876
1739
45682
75221
47204
84586
37990
20596
58878
62772
27254
57919
63350
18466
23268
39105
48709
61368
63185
4398
61602
57601
7593
29213
10062
94499
58350
68150
87584
88355
56734
9269
8604
23
40291
79614
67190
49642
68090
56185
5974
41871
27370
18190
71362
32315
91308
38794
28040
60706
44702
22875
91697
61941
41424
10955
69804
50257
37493
93805
75385
63023
74388
92032
22782
36665
5100
48565
28256
86871
18452
15123
8743
68297
96754
70398
46593
80762
33008
65165
2258
48779
29644
20258
23568
60577
14099
59585
43723
41988
30716
65636
68602
10578
20405
1496
99499
3580
3320
735
31974
31006
5621
89270
41257
12600
41282
30777
92703
153
14792
54278
72793
99815
16674
71243
11118
77300
16526
24456
40883
41141
72920
80043
12542
49499
34477
54043
57840
3100
32310
1209
54850
65850
2609
95660
13528
75576
12300
66482
84926
32878
50346
43890
61095
68027
11618
27051
87551
99524
80053
34901
76595
36043
42846
41201
87095
45106
34915
28670
87323
8318
96736
4372
48924
81570
49977
40387
12965
9083
12502
63285
38158
33961
95750
38213
67750
82169
34468
60281
16092
80970
91075
4715
510
83290
91946
95058
57159
31162
22900
89195
75688
78774
73632
36842
86227
41482
56126
69390
84502
52434
67043
73824
1135
39547
85113
27910
84842
67774
21406
10040
14128
10112
31834
