24337
56353
72317
1027
20811
25798
93522
61640
4802
18461
70605
80164
3201
92344
98638
16542
49139
13407
43270
61432
57265
99872
5855
52113
9887
14510
31193
54402
31545
45503
51422
32045
33674
69476
16972
48776
53202
85100
73009
14765
71740
4536
90342
9610
32950
63563
25301
71236
23566
5997
55393
86513
6811
73601
99569
84909
24067
84645
66647
90022
24407
65538
38709
90006
9517
16697
27106
54189
31614
14746
63752
75326
40966
6956
25812
93888
96683
40792
66918
15781
20052
13904
35392
85219
42412
48798
8446
60594
46901
72839
47195
51193
65369
75677
15530
10937
15408
62132
38852
18899
13158
53680
22383
27174
86268
62677
58973
52910
70233
76013
4222
32044
49034
9003
67397
390
59462
42701
33484
5540
72986
62948
62688
17343
88730
72365
65105
96772
90096
91398
13655
52821
20598
96952
30338
52511
82307
70646
42283
67453
46559
80768
50708
23806
80442
55852
886
42840
57566
61172
85618
5702
3867
36423
3896
8478
87429
52441
64037
78016
39219
27177
92076
9047
13559
38682
96039
71511
26957
63596
29517
24948
43678
15025
8708
73926
30620
88368
22161
91242
22534
53970
79799
76853
85416
35607
69537
90254
76060
79006
6458
5495
40201
15490
74153
85661
17509
51456
88883
24356
612
41349
83619
39673
2077
40537
81351
38312
43944
64278
24507
9009
33999
75441
86946
22940
28677
71496
65501
87467
96345
73546
86357
56403
36432
29951
61683
19180
16295
16670
58589
20656
77463
19657
68362
73401
50325
67897
43413
55404
26901
7502
27143
71681
87832
86162
26218
95530
49618
78364
75509
70190
59779
74700
46682
92230
51043
7504
35936
39497
89434
80099
59778
58768
75141
61012
99282
32384
36680
8552
24468
99384
4713
16104
41889
76875
77214
66998
57616
54983
35305
77590
82247
11893
1836
16526
31821
66313
86435
46201
89374
77014
69055
98707
55319
1368
25363
93949
12499
30923
56943
33563
74548
92415
56527
17557
62431
4194
79534
77730
26285
90822
76415
11488
22090
2304
7866
62801
12858
93976
67833
9568
10411
48131
11641
8466
53022
43852
6430
64814
85864
11138
98627
43388
79867
25230
29089
71216
22904
59724
47746
41826
42818
26044
22170
43187
92996
15430
77003
67492
29840
31597
87147
70780
65705
42987
94471
69065
10155
74564
44996
79412
83440
69751
2254
64743
79707
38724
58022
19158
13984
21868
5835
30651
56240
27552
19780
94827
98549
50421
40087
28339
26265
64755
47381
27862
63563
28837
92309
22705
43055
61862
17053
11709
36443
74768
38193
64307
2932
20506
2607
76665
67985
82187
59166
6578
65122
89148
7686
75168
63577
50835
18155
51425
19275
3794
22985
83561
53367
65618
70774
45343
86294
58466
80472
51372
42804
71932
61151
25972
49233
32505
75362
22502
45903
85542
43083
44630
83591
4925
43983
20771
29756
88522
8754
41000
59407
17401
97634
40486
56080
71886
13633
75445
19656
55543
18856
27549
58380
18164
73450
90984
98056
62034
1152
89358
14230
81922
217
20135
68818
73662
42591
78509
81958
81409
11202
12513
82000
75898
1011
83230
31222
2460
90363
73266
2197
66756
83652
84437
47767
5787
47424
14997
18444
53703
96508
38236
26234
154
78642
14608
26173
98695
40017
9471
7104
54479
32581
70207
46007
68002
37342
9080
9696
27020
22789
9016
61204
39740
46295
18676
31416
29381
34934
16100
49059
19941
9184
49946
11227
20566
33354
25949
551
27739
27106
9700
5726
13111
8473
62909
75712
61448
87311
20200
21349
43981
58600
13783
33224
80218
8590
17366
33505
33207
72949
43528
87463
18231
76719
18041
85445
91524
1907
64712
9917
38428
27335
53881
48426
52404
47072
97276
87876
12499
50174
57601
28715
77463
90875
79260
56545
11293
3881
9052
99401
89763
10680
63456
34864
41813
25412
43210
95401
17611
75887
53275
95869
59104
3353
64418
63580
89291
33267
61800
22553
74846
35401
39312
75251
16944
7074
11996
36109
97145
87223
22116
60728
71575
79120
63651
18788
78611
93566
2458
60267
62989
20545
44865
32982
33235
12188
15574
79546
22972
60599
62128
57020
1993
92628
7674
96516
51238
59526
15600
26820
50458
88790
15944
36010
75244
68134
29825
97588
31395
29988
47884
81458
63724
99366
67658
66078
96495
92670
99337
27879
87916
34836
1520
80926
73563
29058
92238
10667
58097
93594
34434
64292
4511
83841
80261
52366
41028
78495
6186
7892
12373
12370
12869
92055
79231
94894
61086
6154
81969
67884
49247
32506
21541
89227
72029
45566
45017
50172
30630
85523
64202
75477
20394
91078
21241
15102
26412
16657
91153
33922
94607
42869
50456
40743
24681
11042
41782
58277
96181
94037
82167
42953
73165
90829
61970
15898
94595
18222
71020
27692
72967
73458
73560
68299
60293
97803
20942
36034
11604
86336
13897
55664
49378
23596
58274
41110
70371
20412
75873
51933
44480
54288
33873
94762
69276
57525
95462
2234
92729
64365
13614
49584
92159
53889
70905
80117
65593
6298
50927
39983
74354
88033
68220
7692
54751
1533
93522
97874
46012
69254
57191
13316
3747
90333
63225
19255
10858
15280
60298
90027
13807
68109
51116
50421
53759
54942
36907
14083
25745
39710
39285
86156
67686
82482
88602
8879
96158
2103
46550
28031
41622
18198
40794
2940
60731
30121
55817
22879
74021
3258
53901
63811
64828
48323
39486
82948
10159
48674
86109
21620
22034
16836
39059
52785
81541
70776
15580
34903
18985
38075
76157
29212
44625
34180
37076
64407
55137
60577
78577
40736
2501
60438
65537
96076
15595
21217
19557
27946
57923
97225
19523
35516
61180
21604
10397
5492
21693
97339
8072
91177
85128
80180
25917
93392
55095
75980
70325
56425
33246
57436
18604
61358
69193
43168
65912
61685
53900
37568
47860
28202
89843
35907
72461
98799
41385
23509
65876
3438
72200
10756
7325
41808
12279
5311
85383
63694
56448
8079
56183
37599
25448
80940
7417
75415
52593
51744
86650
61567
89304
99100
22172
99615
71224
3313
59304
26809
4148
71172
73832
84499
48421
46160
6614
74222
20847
21872
9882
47162
94465
13658
79640
17838
42648
72081
60787
783
21014
73651
90649
90629
50248
27316
98031
73476
41304
95444
22269
58308
22346
14903
48022
79288
40354
98500
31304
33422
94496
81928
92805
7084
3461
72367
44761
40948
86653
80412
14109
77299
60582
88997
11495
82633
33862
54896
79912
53230
16206
96898
11265
11205
74018
19626
23523
88916
92808
47255
95822
96196
74071
36995
4144
35464
15265
36576
73012
64289
32384
54615
42078
27694
77932
19868
23746
73706
52967
88665
14828
34626
15778
11403
8542
21539
95398
49359
56795
11450
59580
51632
18199
37546
37160
17027
66519
59500
33687
47878
11191
61028
92566
31806
9907
48247
72558
27605
72548
41571
46307
69191
53977
59651
65331
3012
2642
30505
86084
45929
61426
61516
35612
17628
21672
80801
91891
58708
4170
81244
45110
34652
7108
77682
13204
27909
7104
65846
23557
19436
88896
87487
77032
22749
13122
48897
26785
83846
90748
69116
58649
95231
91139
55523
55928
23448
65675
38206
67323
41168
74280
52140
74073
98600
34110
87922
757
66864
30792
76055
69634
64900
53535
18493
47203
60933
53316
2604
97229
19759
82220
43506
36409
45586
24084
59810
68801
71448
34085
79450
50841
49899
89077
29215
85244
22396
8212
33477
94996
80937
72793
30752
87733
11875
39207
71955
7823
70767
45247
4140
18044
63956
74416
78422
80763
53957
32156
12005
15768
34494
24695
50258
59520
39890
47783
36443
78829
88115
49679
15971
38708
68870
84669
62588
25426
57101
31307
20189
12065
12049
81378
84328
60427
60216
20045
83764
36331
19469
76521
19107
54853
60049
40914
63355
24749
331
8573
23030
98223
71097
71912
95889
44350
36143
17175
12587
25384
47861
79703
96582
91664
63785
24637
57259
63942
60830
5301
8808
27843
35237
77675
21474
8379
17174
27941
54734
92930
43825
78406
94774
67970
69167
62555
93663
30805
35285
38209
7949
82696
96945
34686
98494
13539
81530
41009
32001
64034
60824
79912
47970
51005
94032
76965
52025
59937
15586
65639
16963
43497
71972
72909
39385
71116
81360
70919
88715
41894
10149
48474
19601
78369
46817
93969
5557
13601
32958
62599
16082
65754
77760
51575
86102
59062
62795
29977
71208
63191
63895
21603
30835
31275
148
33022
4519
33523
66822
21276
61869
33905
2141
28005
84766
14888
44094
34299
92313
75786
51039
79845
83572
1888
94363
79985
26110
64347
62133
53253
17707
96353
36347
38167
85539
90476
576
18269
25724
34474
99784
76524
46684
38874
77267
90964
67550
34224
23627
31482
3197
59905
60337
64171
80498
20312
60217
87166
20049
94786
97615
55811
43451
15090
13476
94135
26599
39726
71482
55127
74416
34206
91834
33853
75834
71624
74318
62154
24705
10861
89192
7012
98195
1713
66243
9373
41551
447
69225
28460
13998
19019
90335
31672
69352
41186
77353
47562
57075
53541
68608
67308
98015
36803
70552
88517
83686
86946
70711
60031
31888
65971
42046
30832
77438
3993
27640
98973
25077
15215
34093
29201
54825
38512
17085
20043
26880
95554
32983
69663
73706
35052
26438
41933
73019
97199
69272
52285
71419
3876
91941
85635
68654
80498
61158
76042
27806
71443
16818
12252
34493
38514
79689
11763
89795
11049
16961
75110
50985
4627
58133
64644
53848
15530
91435
16917
27734
7555
57230
56706
72311
87426
33943
74382
76764
44649
40611
55589
54892
16076
75813
19021
57127
59143
4919
78710
10053
19931
93726
30053
66347
39904
65726
74276
19677
76292
18569
43678
9377
38391
46999
96383
52099
46837
1917
58486
92130
99627
3141
11733
64893
61911
83986
71975
33210
91742
16071
71947
9675
85809
14412
94491
92667
55149
19442
8067
26615
5273
20555
29967
98509
5646
84962
34651
51432
36468
49439
4091
86409
38688
81849
76026
36089
87075
50187
99510
22560
88974
72314
45123
62247
95147
88710
48
18986
62641
74552
38200
18916
20331
11894
44293
69377
85215
6121
64569
74325
43259
47477
97340
84925
7183
10175
59191
6383
89632
34169
7787
17537
41935
11335
18107
86526
92364
2364
39452
16648
25557
67718
37565
8728
86847
24152
26566
76550
89601
20889
59965
44594
31979
59290
82683
67843
56367
42490
2682
74693
42690
80153
82609
39784
38611
52119
69544
6988
40056
74539
87739
83801
23212
70268
68727
73206
19609
51279
80259
40568
3679
41976
69959
29770
93697
94875
72350
26684
86829
13603
99389
80515
83341
47795
21146
98222
52816
8347
84525
58027
59203
6029
62384
80474
41837
17890
71457
85460
18455
59213
48594
14342
28465
73917
56080
1601
50235
42948
43333
324
43651
80033
22887
6338
13080
28762
32334
3801
28778
49709
15641
84632
94860
50037
68983
5247
36891
57222
24950
6946
84570
31980
49766
12142
35378
82940
11754
88798
60732
15219
99638
12231
8810
43507
43958
98516
2637
86371
23202
35119
77009
7414
26566
69818
45905
81099
72753
86103
12369
30412
22187
30365
23983
33210
2784
93308
74263
20791
45479
40103
12042
4588
74662
83007
62910
4880
30799
30895
46899
65216
59739
69994
69564
85509
44314
33686
58039
9917
89503
53935
6318
11885
90490
99542
29100
21710
89193
99347
53866
1392
20136
33613
27280
42901
763
59044
91291
37542
2054
9959
78904
47773
15546
83399
40930
81610
4928
85366
88079
61112
86411
48010
83434
36678
78404
92935
42122
31178
95791
7512
62731
26372
28460
73811
73091
60511
42848
85776
22150
2090
20208
97301
63491
13716
29592
78655
50896
83795
30309
81425
73351
64472
76647
36104
10007
74488
21645
22821
66388
31751
12452
51426
65713
31651
66010
10200
61920
8099
35105
38318
53065
49644
67018
21454
48602
55976
19781
25261
85413
37373
55401
51556
31740
85723
23101
77971
84633
36579
97354
73198
86888
24336
92744
79993
6594
10712
28311
14396
77459
29868
4447
44429
35986
96038
73279
52523
56769
58771
42731
1290
51654
65812
20524
59935
84305
48335
34980
13963
89005
43213
81746
42645
60041
1302
82050
53037
2312
58189
55383
14306
5702
10815
66033
87472
54126
89875
50995
7491
7741
32267
31685
48986
50441
54592
84056
76184
32041
91773
10220
52344
66957
98956
19351
87966
58758
44568
81239
1183
90267
97853
47296
28909
25512
20846
33848
73755
63500
34039
15110
29645
33546
29556
73691
2365
94860
64030
57306
43513
26651
75130
84741
65561
47587
85101
69198
62780
87955
99185
64647
31156
30838
80478
31193
8624
31022
70307
90154
40012
4447
3820
81963
60085
33802
99755
70705
61338
95264
97497
4858
22164
10265
34440
93525
15736
69008
31879
59794
66017
18474
87461
92995
85708
5760
1741
51224
19778
50126
78585
91990
85519
929
98182
31368
20960
74709
11604
67590
82039
93933
30164
81703
48445
21392
89428
88057
70316
48117
70178
98762
28562
27756
38311
69423
52941
6366
61209
41526
15775
70028
9251
99055
13040
20352
42936
14951
50030
64243
78787
13412
70576
33479
8333
25742
36257
73850
42225
86017
71445
15048
92642
54949
33196
14413
65606
83172
39085
87960
14342
1927
98782
14095
77088
43526
1459
33808
42308
44919
86833
98622
16417
23294
28979
98191
24061
16577
91430
43432
78516
66111
46997
33580
20349
23765
92071
27275
923
34048
79423
76532
28834
27161
60773
18234
16134
55585
43244
43684
12448
64662
36817
7214
41059
77741
66218
71457
41941
89331
24418
59484
48231
11167
46500
82685
48502
60857
67426
26443
7448
91697
75716
16601
21975
77246
8622
33921
99975
98886
51928
68539
83741
90010
6925
69267
36086
4050
25785
41087
81447
59618
21439
7355
16297
95155
85652
90633
34527
7396
90411
18861
48508
29068
27650
75606
90455
99565
15043
36351
35338
83008
13672
6375
27112
41903
36655
63456
35805
23987
43806
99595
25572
14528
43104
93047
14063
73969
72052
45963
93155
41186
98584
67425
92688
57895
78359
23308
7206
46905
25741
65946
6481
30932
66600
74945
76148
73239
77331
1129
7697
14327
73036
91322
35244
97031
54426
61116
85700
67848
89653
93035
72134
17060
83433
90042
44436
6558
48671
70955
79722
14840
16612
65015
46646
78883
34044
11107
79686
56451
14345
73986
53581
29113
22928
27131
97004
29622
7130
66482
54153
44984
17616
34102
48939
70836
91359
99212
47170
46605
44593
47412
35650
93013
11108
21219
89606
3611
31064
95821
59166
16709
6248
2082
71378
60702
10847
15329
96024
44133
5203
79209
45054
39602
79246
53951
41710
97298
59771
21975
10811
48123
37484
24102
22580
77140
30514
96639
10895
87452
90992
42797
91875
39831
39200
74023
54008
77616
40258
49387
7389
77911
14828
8011
75301
64047
28098
81847
90282
57502
60894
82010
75743
50853
86599
40777
69685
24305
10360
36273
44431
37401
8636
38230
89079
7993
18408
59396
95378
33731
22481
16464
10246
82329
11264
18315
74138
39030
78287
68992
97917
21911
11877
39794
11800
99760
37747
86395
35703
6367
93156
9980
97207
20523
24466
54013
67037
79361
59200
68271
67168
67597
19987
57216
76466
49472
96881
90225
93984
87189
67753
11339
87792
91656
52058
39165
72925
32214
10951
11934
43483
22325
37692
65962
81372
89450
44565
31618
30315
26005
78932
81513
35566
49574
95336
17230
73017
60963
4395
4111
7132
59748
85517
8287
85963
64899
39098
86942
61451
49142
47237
74163
74333
68007
64467
96739
32976
59729
49980
14048
48430
19542
4166
90411
46190
43257
12972
32071
53934
91190
15332
44607
26197
65365
77487
78838
22303
67129
67244
54922
32457
26871
84040
56048
47235
8559
82990
95680
88449
4593
48144
27379
18961
61436
97373
56025
32979
44035
35723
61692
87619
38954
23749
1199
68474
16166
62503
5921
78236
15741
85560
66118
87289
16230
61797
85728
49969
5777
63378
118
27768
59786
3905
73529
25222
57261
61099
92569
88748
24178
22235
22845
70307
56078
67539
18220
21886
57347
42159
47582
70093
71779
56371
90347
36537
1261
58443
87621
22437
20269
80903
31060
66827
19553
16101
76925
59697
3980
21442
17657
46255
50673
57551
58873
45619
8201
6475
68884
63366
92849
85063
87639
60936
90629
14980
16252
84927
59904
72734
88318
68641
37823
85851
81341
48540
18896
50225
68862
99726
81022
89714
98103
91254
32938
84472
41746
39565
35453
80573
69592
10546
84469
883
55305
15041
28211
64112
59248
60268
34373
13991
27092
20206
58455
67246
50328
60593
59702
16112
18383
73704
56267
73858
86308
32464
35042
51745
27736
59843
91033
85463
61797
9652
80722
93852
2115
26945
84868
5245
57387
74534
92743
66357
34862
34641
35959
33627
3412
4195
75531
78484
85547
94679
46725
99555
12350
14315
94669
63437
82817
79730
43105
13317
52604
42691
27197
64201
70092
80857
12866
29256
63919
90534
45430
53750
70528
28893
40925
54750
38707
99546
32140
52385
17169
64802
45890
82815
71388
80603
29181
37567
68519
38451
83837
46367
49063
17067
88565
56013
90063
38721
6396
17740
1732
8476
46787
69710
77217
26661
81453
46660
47082
31558
13057
83532
90095
52442
50827
75187
86925
96273
59633
58641
89999
3619
13545
1505
59326
54814
81042
57876
19860
71201
15495
28846
25392
2027
76367
79898
15250
5959
99941
43003
75795
25601
15123
97989
5299
37751
66247
13571
39337
17744
30578
13896
69676
38512
94477
62761
29274
3964
49529
22750
57070
92294
32613
10159
25325
50913
27122
78893
81361
77750
83781
98140
40754
485
35552
54796
8550
1699
19422
26394
6510
76909
64984
29827
4061
8755
16827
74200
26851
31376
13246
50483
37803
57997
55902
73254
70743
54115
32694
37189
61606
27460
87552
68762
6693
2092
29425
65232
23773
89087
29419
90928
56364
9405
19710
42961
99157
91673
94612
30480
82625
95357
4162
19391
85020
32688
86047
76692
45021
23384
54209
46362
27104
59192
15909
16133
22175
50100
76619
61363
19044
54732
95966
68529
88990
35965
20793
85600
90247
31059
45535
13738
81854
73490
41829
97313
13936
52812
75116
70720
66098
75670
31159
88787
91505
19181
9887
38931
25737
30738
31021
37121
55871
74734
8241
55842
4560
23230
671
94985
95596
21622
55697
83399
45484
81312
88479
24297
72335
98871
92808
97640
30875
68774
36680
30936
93718
55830
97382
43011
69963
52701
86610
18536
86837
18976
27551
4023
14998
29338
95006
90724
67170
82459
54170
19003
99906
25114
6856
46072
7157
79073
49672
66097
28573
42687
88989
40201
13540
82007
47443
10804
63190
50395
28251
16729
48454
42558
2843
98619
56447
20605
30487
35188
18190
53960
68625
108
9390
95524
37350
5851
69677
66471
84443
2234
49731
35214
80367
44023
73422
47195
83680
5931
30534
7254
65480
65674
62391
68317
76846
27752
14665
50569
3482
25749
33379
50474
81484
4250
64725
54282
74237
5203
52037
7077
39146
26930
75395
24830
65915
54281
31843
57327
52045
74931
48934
50027
32451
37537
28761
65921
47638
70490
71251
15650
4905
10125
64188
4457
23764
65538
59
90270
66971
39978
32323
87750
96545
45062
78912
608
77977
53584
65691
94603
51305
4809
72304
5307
90863
54811
54797
91938
26218
83727
51105
55693
58531
17510
1777
18844
48081
1401
79963
5117
67883
98289
58489
40582
36068
39252
28525
63413
98400
47629
88461
96351
60990
9590
74719
23470
81471
20407
39278
11539
64886
51061
99885
34861
63766
6345
46374
47494
4920
79987
96529
95963
22588
96574
84384
52660
83584
62762
61799
58877
75512
12080
8176
89514
47871
48713
63640
37674
16528
78748
51105
37811
9783
25397
59839
54230
32326
80745
64034
86110
45874
29455
77927
6341
30138
62426
12014
89947
91821
46008
84194
26557
52976
29259
33443
52837
86959
36121
20284
67466
8669
60107
73741
64948
66395
76096
25148
23240
69081
23329
1938
51666
7107
99087
3939
7085
10373
458
49459
53272
35234
20389
61707
55689
12017
71866
254
94149
24801
45779
24574
45945
23258
34890
89268
6848
39263
77300
56398
81821
8858
48348
72283
38784
3829
88116
73313
81496
3324
63106
74046
19382
37792
29769
10298
43667
44297
70189
92547
75473
44296
7192
47608
94329
11392
35901
86629
23499
13179
86105
60765
28601
31917
38735
84744
45443
81167
16081
59830
30735
71377
66079
1109
61217
67147
12972
52073
83958
18216
34253
76149
32110
1015
42558
11095
7754
15017
18703
25150
71049
13409
63692
38483
48341
60893
32502
9980
90051
2534
32683
16432
69011
80189
84759
23846
82270
65179
3995
51565
66967
30017
55658
78100
31026
14662
8662
98849
15347
32286
93282
87659
8156
74889
85704
92871
12403
91387
80746
81889
26430
69176
92447
21371
28717
17635
6330
79
96714
46699
51233
9626
79653
19784
25245
84835
67971
77645
51301
26587
74215
79630
76066
53157
25418
30062
87163
57369
63563
2369
31093
47304
42421
79854
56988
99494
5282
40909
17033
84395
29269
80142
58104
92383
63035
51155
33060
92699
7714
36729
19384
32466
89509
29083
53775
9177
23780
97401
95113
53924
86464
22715
32989
92511
35607
97572
95341
90619
16467
89524
47255
28919
3968
31426
93524
51444
10092
93154
25737
61645
85699
29475
96237
54265
79383
44153
34887
47712
59853
95815
54059
42493
54334
35207
35065
31519
24666
40496
28799
52646
99575
61980
72261
20944
39251
96405
6212
91200
8431
76026
92711
89571
7926
85624
39200
81498
36801
27622
4205
69805
47465
4985
61816
8370
85634
22809
47435
8688
8695
51673
26839
12296
88017
63671
17551
26421
26455
14711
60783
93684
272
75531
47553
6171
87506
65002
22646
95886
54322
92715
46422
50420
65219
55549
54533
62150
63846
32819
82025
98730
27913
75283
22920
85689
16300
99376
48539
21700
65934
23307
36180
52558
40750
57273
16332
25031
63205
36364
85669
79523
2941
52490
63345
6797
66257
58282
50846
44548
98882
31112
64661
74383
59722
88502
66786
37097
97568
26189
30623
29665
94297
13272
75239
48560
4158
15343
22595
51540
8334
95529
10835
9281
87248
82954
39026
90383
95311
45291
44716
12781
48773
25106
64609
71131
67735
51814
12045
40209
3387
25730
92429
59080
32962
87724
46110
86040
60505
86619
5996
94636
15672
78661
9065
29360
9992
57079
48586
77670
74305
56500
11743
81934
86164
43072
17418
4045
84003
22704
9032
14891
99859
64572
87039
2936
31294
73675
46992
92673
11620
98763
47466
82690
54996
61543
20239
29264
81912
85458
58837
4600
97884
29106
57160
12287
9690
65285
26778
45125
82116
17306
22125
14416
52913
8147
22749
32111
50593
1456
29050
89989
94616
92694
19992
3566
6352
73575
27551
97748
2469
8604
40567
33665
54844
57
50601
96691
48257
96720
94737
68110
36130
25283
71794
45159
58550
8943
31433
42108
86787
81012
37893
63314
54925
11010
38293
22877
95417
53068
89449
52884
73709
90944
80165
46547
68722
96614
21109
47512
79549
5
80427
70871
44996
6757
76751
71572
46908
47873
32907
85795
96404
97814
29682
1832
52678
80434
17053
73221
51336
59078
94914
45138
12813
82769
41822
21696
3981
42953
95041
8754
93160
52641
17960
29005
90772
64431
59843
50760
11201
60610
93160
54498
82731
5035
54220
6474
66988
72754
47335
49818
14516
57243
75998
45965
58564
73446
96618
84211
91302
35535
22282
76359
56182
15630
78738
46676
28528
91436
44454
80963
84527
27483
75751
69426
24972
24358
20095
44670
30227
65133
46444
73663
37869
67901
61806
65093
85712
35434
72328
17786
69312
88185
85987
58054
35489
23429
86565
33699
81207
48964
44373
52128
51312
25053
66803
90566
97356
91724
48655
79932
51570
23625
17930
13247
8827
38913
15568
72448
68570
40954
95508
94883
37568
10473
57975
28603
34870
24297
79337
18752
85693
3829
48959
31576
46830
18448
61502
54807
11616
31247
73327
56851
61063
92930
62921
18539
24218
15910
92753
98854
87445
69496
26760
49209
325
54713
7186
84648
10683
94908
62912
22740
33739
79582
47952
98769
46875
8980
77339
70663
28104
10358
54075
84883
35897
74805
5613
15229
35198
60940
42812
71527
85364
28868
27622
38051
99462
72255
30881
76435
62657
56276
96234
25275
86019
96769
23790
15037
46391
98727
91614
19054
25308
47953
62544
23137
43121
75637
27566
42730
95163
78456
83781
49818
49898
20821
54854
70499
20435
23287
21142
34705
89152
46889
86977
8856
87142
48689
72647
66611
50445
46696
78537
96228
78595
64703
60815
36206
21887
24764
72295
39019
94988
15682
82804
52308
19787
54336
57486
90655
8096
7219
72513
80691
76319
28774
66230
52853
52105
92359
88598
36836
18222
10995
27240
92962
28206
99397
83114
78202
54288
54458
59271
18552
96545
72661
65065
85836
68720
87122
98756
57231
13006
22698
21786
10547
60854
42390
32127
14458
90409
92224
25034
50862
50250
96532
94533
31429
43391
87078
24619
55687
87009
58896
89975
12875
30418
81012
6080
23492
20726
83378
63168
28199
46195
70341
56073
33931
5438
36448
96318
36769
22001
85598
45092
15863
62737
94202
56504
59236
67927
56765
82919
74141
34023
84526
34298
34056
48024
76329
69792
23638
47722
95401
18518
87650
43207
72078
81
6000
12727
23268
66361
39587
11338
36627
93250
57731
33403
82120
82024
66962
25061
99719
5640
1012
10526
43723
42754
17653
69765
84208
79544
80482
30994
92462
23067
12825
19492
14517
29528
43098
39043
59616
6163
57607
76430
91367
43682
98180
90648
40863
66857
56304
21234
32136
16599
71483
34124
21705
43287
51597
28148
39141
38116
46751
55824
42079
14724
18724
70806
85682
91440
92769
71581
69250
87842
43813
2553
43322
71616
22783
17422
69387
20644
87879
24149
90778
90961
22034
96316
17939
39646
77923
88864
13356
17279
55231
20700
31235
84711
64251
58203
43475
85484
41567
78881
97158
45224
57523
59326
85868
54412
96161
92672
94182
43686
4524
67223
35579
47282
76580
64854
5497
39962
33014
99456
99483
61390
97649
6631
32415
24691
68425
87985
99490
35484
36764
5075
52317
12437
25481
94810
73189
24278
13715
96399
14658
98206
90398
99233
4731
22224
38904
5287
99817
54286
14461
9083
56074
70949
96476
50988
76914
15606
28328
56052
70704
10391
17325
74596
57214
5870
37240
2180
148
16603
99344
97600
77241
96114
4059
47173
32080
89478
69228
29493
73450
31004
72130
89156
84556
3246
88053
49651
23427
58949
96589
14951
49541
77011
16133
39950
12400
41116
7127
39134
78578
84968
61160
34935
1998
87730
81272
1884
19659
75107
83737
26503
23682
78817
79775
64910
7274
99759
37282
89150
40475
85126
92096
32927
38412
15056
44694
69839
46414
15697
92299
10282
34808
99731
32274
51716
75132
11841
69404
92054
40920
65173
3939
98291
96162
18068
31704
67034
7805
1090
56156
67255
23371
53131
73407
80549
68154
27557
26067
31866
6308
75419
67186
1250
54921
27509
64218
20816
10629
92973
83914
54785
43696
54612
51234
56712
46126
11337
65917
84606
53608
89322
42438
6879
39997
42227
54440
3736
29158
41101
74864
73333
61686
19462
44304
89557
30906
53287
87195
91331
44172
78280
80036
74984
7142
76010
38348
91034
35106
42093
46410
23448
24381
17828
94837
74668
45834
23630
51456
48569
25343
84190
42525
70584
94016
32483
20227
24767
12363
78591
44209
98481
72482
85425
40037
9198
54979
85440
5754
93259
85478
1609
69587
95987
28586
72357
92875
17215
1896
15821
23889
98958
45300
53332
39840
53107
76768
53977
73362
97604
42763
37038
66432
87769
6740
62560
80204
5761
95456
93160
60339
79612
33253
63769
74261
27152
32632
27646
47499
36251
67816
4274
32050
18834
11041
52857
65497
56716
39017
6913
80690
83336
46340
3186
50921
39927
39250
16745
74870
64873
82915
35881
71668
74062
36607
98100
22293
17727
28055
52256
48151
27445
24296
59131
26725
51462
97882
48870
46772
2422
33828
35639
96908
86452
37524
46336
11528
89999
27174
70001
5791
36045
40686
48781
48011
69965
54876
92047
50213
3174
68748
27912
97414
96048
76835
69138
57779
87273
77397
52968
33431
14112
268
29544
92176
7922
56665
42204
32475
25423
88233
25715
87417
4266
50322
5983
96922
45219
88371
72849
65629
75631
59195
76950
27368
94149
45989
2732
1911
79794
39473
53454
44112
94212
77104
56332
58719
91824
74793
87902
37396
81220
53533
44690
64417
85908
12205
85689
21240
14956
47692
87325
95275
35150
99482
11916
92074
40310
63291
55435
2450
92114
57662
38459
59863
97312
63488
61772
30582
96371
43505
13748
82315
66754
22687
80694
98142
97984
56628
62753
67391
6883
15424
57178
62792
6621
54701
14720
81980
92155
2110
6579
61351
38437
41366
20919
1022
6869
56835
3829
34493
17365
45321
50839
31980
41023
90510
10267
65162
14378
15249
7188
22932
67534
68293
24040
54994
69856
59305
79208
23044
58326
23110
34571
46381
23739
15889
69533
21557
52976
8871
6439
76324
78976
89254
60874
57843
33977
98284
1467
9510
18677
88086
73817
60736
71134
15549
39616
73496
92497
61076
76722
52489
64420
33653
96524
29679
93091
52167
67159
96497
64489
95063
66313
84281
56095
43017
97074
25217
14403
67425
43394
42516
15961
63292
41728
21413
99031
62364
93397
68639
41689
73028
76109
29118
94846
48151
73567
5263
9671
58767
7667
17915
75330
11201
27711
698
16196
71588
54715
34605
98037
75422
28390
21398
64320
50408
58800
98779
26458
97653
39200
12312
15061
10714
47080
75132
83375
46514
21933
57544
24344
14597
22635
35885
6332
12669
43766
7781
20702
50383
15841
17408
55424
41237
56917
15436
31009
34014
89850
37211
96448
59238
4847
55225
2243
67675
75757
84947
27674
59759
94727
46470
62253
91863
38024
18065
22707
38388
76523
4969
36159
46339
68378
12083
99213
5042
83131
90016
47318
12610
74242
53351
76481
67843
83832
22808
80111
36583
14412
46466
63607
74286
7238
91287
24894
75901
40485
47019
43848
63566
32899
63322
13392
67096
71211
95860
66679
46536
74262
44489
6931
69556
54221
16987
72930
77329
54828
93908
59584
32856
12605
69613
86611
21559
98558
22448
56480
29651
62011
73538
37840
55094
24999
19920
80458
77055
59250
78125
21730
77515
23210
46518
9455
71775
5966
68920
30773
93640
6016
39756
39870
53498
64617
78277
72970
46223
23729
57908
18315
83554
58629
52160
60051
6830
1089
44491
21737
65620
64081
59571
88989
58181
93926
28256
23024
83144
71878
96635
92303
80588
63819
77937
95708
44857
940
25834
95670
95814
74393
55202
37783
14144
53610
17045
41074
22154
68604
33675
40084
23847
11900
34593
43521
6118
52661
56502
71948
63843
22655
20779
68192
12514
72110
87545
39304
51526
21075
96921
2658
75217
31571
29441
71791
60164
25281
27811
14979
80422
51781
29186
3617
70929
61589
99773
82960
87869
70457
92484
25538
20938
91413
78401
62574
52032
99125
28410
9287
65727
86923
91954
29286
94093
18601
2039
54468
87755
19827
70318
90929
6563
28329
24651
79098
85958
85995
55587
16831
29781
87272
55114
64970
40380
28739
71563
43237
18129
36683
34795
57658
80796
73840
46393
35681
84206
9905
91299
45526
84394
69149
45368
55541
16317
37820
73956
69943
41654
21422
80789
61770
92025
76707
4419
32232
72348
22077
78200
77584
11757
13141
93025
19478
35059
11415
97794
73371
49675
64159
18000
16377
76488
35562
17460
86929
1215
8015
4673
66325
78169
78513
37420
60371
34303
68495
22754
76134
8900
74980
10600
88657
3309
41633
59647
5627
19183
44591
61528
50327
84953
16960
53580
87345
18045
22858
17309
65493
18159
75574
59933
53228
2288
38979
24373
56707
37197
32573
63877
49134
8366
7350
48326
34630
45557
57865
68269
2502
30318
97029
62188
85860
68372
4673
70986
50785
11231
21665
37166
57682
92678
99479
36143
59026
4169
58731
91148
12403
53399
49405
31406
41375
12329
79620
48645
53832
83548
78888
48097
17433
55579
5598
32489
9397
66774
60668
64804
96595
94766
78734
45165
1381
97896
11674
49994
25274
63724
91323
92632
94170
151
7768
59668
87653
22149
83737
23169
90706
73326
69952
80477
3465
9558
10106
77189
28682
33842
67807
87656
33085
45485
15712
19345
50965
54722
26232
69820
37524
53125
84505
76639
73552
57965
83378
98019
75824
50157
47960
39783
49629
77345
55815
31720
97484
26381
44653
44161
9089
44512
55181
80492
10119
26637
79608
30128
44988
57632
97345
46825
6903
99877
84767
45586
43056
42072
34892
78040
21010
80874
35185
58463
21592
71629
56380
43259
99064
61376
57887
7028
97118
86132
57087
20268
73759
36242
30644
80913
17820
92712
39749
40976
84661
10260
14180
85440
48175
67937
28464
91179
66790
62938
1959
98575
34584
99374
60404
67436
12207
15424
75923
43996
38590
17288
48341
6363
95907
12781
16346
1803
17034
1090
89119
32216
50265
11845
94158
56113
18301
22192
53096
96165
37690
73500
48750
11201
27437
9965
84977
51661
86883
81942
70302
60016
55527
17582
25736
20747
32153
67469
97686
38706
44178
96306
65098
60319
54209
14594
5725
27098
25331
20789
85454
21535
60837
60176
56594
91782
18552
70939
5681
4485
19525
72632
17115
47872
94114
20369
32045
5362
31350
45904
74708
33057
88991
15243
97436
54436
95893
86819
77878
73289
93923
66512
4732
51562
66716
61815
64593
1629
86987
51285
15177
83117
15932
73761
17038
69586
35888
78003
20493
93053
5788
53684
34788
62466
61167
71164
6580
13192
51387
28535
34991
81015
68504
79583
86985
81829
42816
76942
14974
45056
65539
96700
76108
72374
65146
70739
40224
85980
2920
23313
99761
12875
1230
31162
20814
44268
57572
17741
4281
7960
90726
3048
31243
35865
17684
1134
84023
62805
80918
54752
78977
96547
38325
71919
87687
69437
43443
66190
36662
17065
58600
25722
23503
77356
97776
78419
44878
61560
57926
71321
48194
11227
13251
51182
99386
34804
47151
97080
61385
12031
46323
15527
52285
11071
50362
14591
15132
79241
89538
57786
26975
36033
83612
4250
29767
30305
52836
18446
1143
24075
70948
83452
29556
14615
1229
23028
44944
53156
32476
62531
19544
54762
32682
25921
43290
6570
44662
89071
46884
88257
5998
90164
95313
97903
3631
67469
29298
20232
83293
42056
11939
26642
18002
48393
16822
35396
97222
90079
15797
74166
82006
4132
72015
41484
5270
11105
19006
38503
7287
58624
20127
92858
31047
18275
41970
57337
70035
25318
62655
64046
75013
17961
51590
10843
90728
29338
30336
34861
81427
64406
67210
48997
90737
11523
1482
91717
7680
51778
9339
73997
66094
61719
29021
57081
12041
67288
51924
31987
42594
97008
50357
75146
60504
82736
68735
14307
15452
88067
7780
3756
32454
16447
35652
15412
58743
19136
89673
58898
31217
73879
4154
25546
9585
76058
17352
45241
10815
39768
832
26738
55189
45404
22437
54083
57891
43518
42381
74631
68760
36110
64361
19297
4722
34371
73113
30720
97291
37222
74814
45699
80583
25208
67293
74647
1957
9554
4030
53981
95564
88828
94285
75468
97699
72361
41267
11059
4746
47184
38063
96785
97861
11408
54177
25178
64958
47058
7670
61574
8444
38804
66685
58130
76393
65879
76138
44526
99667
81099
35528
88539
60749
33468
81193
30461
83745
22855
13172
75417
30987
49458
41862
54638
56543
81044
77152
47427
86125
67771
72052
57450
81889
10606
47009
8463
45849
546
46291
59565
90602
96359
96394
66618
73636
46778
73270
58234
38042
45412
86742
62366
10207
18805
62534
80438
71552
57412
11274
72607
81054
50804
14560
38490
49592
39341
78758
31292
50063
81545
561
55760
62634
63790
79795
20722
42358
17671
34772
97496
65053
93768
49052
6014
7841
18654
93429
21135
19741
44712
61000
66438
95576
6593
93685
50397
22118
1517
95037
67526
54404
44009
61053
22449
71090
39342
41330
71666
70999
81522
95984
1054
12850
87110
12436
38416
9687
34971
80394
30226
85039
40336
63015
9806
69693
94094
97583
77375
33334
86378
20920
74875
16663
57330
64476
58888
25152
51629
14971
71241
89639
49205
64117
26796
33943
30500
61318
16260
1715
39968
11478
6124
86111
63759
79429
13241
31169
59659
77425
92428
3694
38694
99818
55695
28798
60070
49831
93605
14479
3969
50541
77486
54945
44391
4549
84421
49750
53764
8233
80006
69495
25991
67488
90471
77717
52023
52307
25161
70965
64834
37664
66610
95760
69418
47588
99744
58557
30273
13232
68142
57719
51296
29065
82818
88025
26686
51820
76496
7520
26886
92325
8896
21779
37515
76397
30289
34351
38477
45893
83713
1017
47908
80866
54317
80644
25046
66772
21846
15950
88019
4258
62835
95297
94034
84532
52458
55275
9289
47786
69987
51405
59452
99913
79851
30285
16957
65678
721
82302
99081
70252
74156
47193
41114
37188
26828
14729
79572
99396
68692
31677
10458
73677
76066
83780
90182
29401
50561
46809
44189
78743
94926
82109
79717
71284
57688
67030
35422
17873
36679
53400
53937
78327
6068
97526
80256
61854
10235
34941
34508
64636
48782
28194
84416
36813
43116
84711
97444
24946
77189
38666
67892
73952
89129
89403
4481
83585
2176
1424
11131
99579
87985
21570
25160
21957
90999
42612
5629
87404
36763
51767
55600
33730
57134
10714
53617
32906
97568
18813
20791
77511
38971
59396
97773
55958
10882
20842
35275
22125
22759
3806
62566
29937
76761
18810
8034
41019
75435
6844
30625
95946
3639
49567
203
97846
94064
58006
90398
78779
69839
65101
79881
63892
3629
46062
30092
70079
39113
92907
94391
42779
95096
17089
7623
96531
99858
18009
21398
22129
2835
40498
81412
55109
57765
46919
56327
29831
26258
38778
51527
80108
58816
41059
37521
28314
5186
98773
92769
1163
12438
92898
86197
15955
74826
2015
87892
18315
92422
81351
75846
8002
65669
20111
10163
1162
31909
73156
76058
27899
87000
3429
84891
88968
74339
28782
26538
91060
41960
20465
3360
99408
67392
68163
3323
75512
66089
10849
58003
88956
86635
19289
35631
5277
9017
59349
39748
52644
47817
33707
9285
78787
39255
68870
78691
33575
89177
50854
17315
77709
51885
27751
30574
12475
29092
68820
7924
85590
95407
11572
9404
85358
40582
30556
57056
75053
79239
88526
31706
20545
84456
51754
14668
21211
5430
10982
17457
16634
59306
1645
3314
78802
84129
10543
92182
69705
3827
64931
361
34278
97942
76792
74727
31095
73127
65006
46406
5169
48770
8689
80794
60120
22277
47917
86338
49154
18072
99324
47141
46759
70376
11357
90389
35736
49704
83982
75723
41717
26895
81139
3496
51625
33731
56617
50685
10384
40043
80436
83293
50298
45931
11689
88330
29843
6055
91122
27948
76481
59449
13345
9783
54740
4533
54542
256
22850
84176
80112
42087
90848
6421
97717
38910
34553
43863
48565
94489
79402
43155
95631
35090
38072
34917
20832
64629
9543
76758
44636
21629
4516
66666
46015
4113
17087
47341
24805
97847
2784
39353
75899
38826
46331
88414
76190
84259
52866
39275
96138
53790
69712
32566
86707
38008
31204
52653
76192
93497
33678
4708
24356
79305
42740
79706
91955
75658
95659
53124
54181
17702
35265
79285
66859
25207
26501
65484
24059
71064
56338
46078
18483
51812
67045
98382
92234
57581
8538
41526
24120
63703
70452
99809
73163
16057
3021
41512
20175
82727
19480
78105
90495
51917
69642
68325
12835
42471
32978
16141
27681
61949
14673
46907
60219
4294
3789
11848
34512
74713
88724
8996
89436
46783
88234
53856
80305
89159
54128
41443
10396
94982
37498
19663
34803
68462
22121
67520
19953
66523
27140
59180
32504
97768
7885
39003
28046
69345
11065
25410
20207
95950
57267
81755
8042
72020
46934
65993
10164
58636
5525
449
14115
81044
33403
34272
45768
73189
99717
54218
57435
20139
74398
65098
98170
14079
36600
97495
9673
25644
21636
66978
43594
68378
94226
6294
90635
31084
612
17616
3373
83525
57461
7250
10873
47811
84132
88052
66234
48513
57025
13787
31678
68094
84077
3256
93877
10460
71873
45309
62195
73929
86949
23876
30609
7506
79162
86947
61673
72977
52664
60006
51706
40867
71367
89791
44254
91412
48266
38013
78606
1450
73172
68765
57163
89469
36632
40037
98832
83281
96203
68524
55257
65820
7746
17816
8222
91763
63530
13249
21224
18502
57168
32935
21806
72940
79034
42899
7312
21784
65734
38558
78013
9338
44392
45794
65505
68865
30435
96807
24352
67543
95944
78201
92983
46313
94823
94359
16654
72741
69184
89053
41852
79010
70796
46303
70166
52378
11119
37723
56353
7348
16281
17040
75035
19805
33083
64471
44443
81631
25585
39620
75404
7577
45139
19125
99456
62190
9036
60859
68610
83667
4349
11590
39916
70775
52854
93859
91676
88732
16631
77103
50165
81219
92037
95075
52248
24579
87804
5107
10394
31229
59819
43695
83200
2053
49412
18757
89931
77692
72552
77030
28377
18318
70616
910
85810
4310
98025
2828
72756
68292
11888
2586
30534
2478
55823
93867
92377
7236
78368
26953
82809
89928
55425
50249
38184
94707
75175
80753
78762
5516
61138
59089
65020
4656
95382
29491
2594
16600
79320
75777
85832
23495
99588
82864
9232
17608
25149
85279
65691
93086
19921
45798
14181
72089
87167
48111
93283
80704
37089
30434
36717
805
98936
53668
46605
51289
47627
21601
60548
16232
17237
76934
78211
50399
10308
48129
96413
41277
89391
41800
84993
49578
90737
64095
44663
13966
97614
21591
66247
35897
1010
4009
27506
42063
96626
72620
11675
10854
14352
57867
95368
94430
51534
49173
89164
77557
27536
34580
81810
50851
71322
49147
21989
9750
86204
84552
38172
70629
65402
19224
11819
44209
46766
28182
49595
28797
46324
78687
85604
98843
28854
34310
44028
61170
86767
10995
78437
51130
49112
70358
54886
19593
66599
47645
4695
64349
81115
21983
55860
79142
30135
52601
70832
5137
60363
6950
38942
16530
84146
61349
29665
65822
89716
82857
9101
57849
16906
73777
96285
81994
53936
60016
22308
58681
90876
66630
53445
21598
72790
75322
13751
16545
98027
19576
51297
50961
3032
63166
7588
18943
43881
79432
12763
49745
95955
84461
72382
22582
42525
28144
69958
69225
88507
74373
52439
24986
14307
63376
59040
37412
70741
82039
53807
37650
12756
47134
37764
36745
62105
87616
17904
5781
90387
33198
34164
13966
79145
78667
10245
87888
70045
40919
78409
54021
69260
21573
85563
58388
70538
88030
19146
79325
73041
30536
81901
35842
45690
30625
69192
63282
44119
96138
41784
69431
34106
34486
67806
62143
78515
80859
34001
29340
31845
81098
73713
6261
23394
72851
87814
84078
61065
67013
7276
20829
74066
77503
66059
77228
43000
83340
92945
57532
99306
25773
86405
1124
45407
10172
64746
26276
14217
21599
33733
67407
94000
88531
43974
71128
56618
99802
89228
14189
58997
93392
46107
12420
80817
52974
339
15618
34092
47336
96936
42820
26565
1481
48782
31714
58627
46587
40972
51126
66945
68739
45496
89945
73383
16729
84004
97730
6100
19019
4856
39325
66804
62257
11249
41489
35673
63371
54867
83010
27481
2666
29507
868
58621
32326
76433
49373
1967
78306
93588
98135
54264
4880
83125
13250
50906
39744
53398
24737
6902
7075
1179
47163
14402
39757
98734
43849
44093
39625
88586
64568
82165
78862
29920
53232
47973
85123
75096
18953
64017
27119
96902
91092
65895
31507
54631
20965
73001
90411
42016
77845
8715
62262
79002
46
6086
9913
57191
48699
32803
6561
75900
76407
44837
65982
14362
55124
69625
85585
14737
91872
6032
86995
49094
80878
76480
24869
5637
16856
52210
4591
40777
15775
42525
12178
4322
26801
56237
54433
37053
32568
66998
12109
89594
59723
77304
55446
70821
81207
22951
70392
97505
48423
61926
26221
62135
9493
56782
1300
96137
98999
23158
92188
45081
924
33955
67419
20663
80809
27277
67685
6083
43978
18180
40626
45482
50951
80302
75236
86051
38421
68328
53208
84366
20185
19022
79555
70331
15972
19080
9600
15176
67703
69020
64266
82100
85088
83078
34802
29780
33180
67074
60092
5074
73203
85677
92731
52747
54389
7269
72551
18523
76571
36663
93063
98350
61491
82175
70712
61062
61639
90642
88327
75496
57440
54005
635
64719
89484
96219
72945
65226
61121
89089
29569
13431
97127
90152
92062
81474
48702
12022
93262
90048
66229
55447
32494
87980
26400
88961
61087
52527
94942
90460
57534
63218
63320
94468
23135
48688
13471
94521
48256
39271
27983
81063
29623
75788
96754
49139
27050
23301
36602
13468
42352
31600
77906
8193
92231
61570
46635
54587
614
82633
54107
46235
58221
95126
15246
28448
86041
41629
20678
42344
81218
2117
99188
3463
52507
60809
18083
69873
87470
64714
63241
37047
52779
31713
76826
38405
83340
4342
49370
56493
42001
52964
97002
38039
83870
2734
82417
55886
1249
67095
33632
30433
15905
45364
23663
25583
97263
91306
90574
6907
96409
34381
81057
16054
13155
29226
89418
40269
22679
48802
78711
13237
48714
57976
63306
25410
73104
28118
80931
85383
47703
64931
56344
7058
17109
31633
47213
67365
61500
82725
54351
88233
96292
61007
23605
64766
17596
2546
10166
96690
37865
47768
39854
83270
24524
12031
87848
56609
5357
62190
90032
21553
30245
88613
31071
86317
32218
76695
8070
43983
37309
31291
24586
82984
51454
74386
15312
547
78614
11391
36287
42593
57893
20541
11450
53094
51448
71649
42857
17266
17509
41261
85199
84860
63368
99087
74126
43610
16614
46469
70673
55847
91761
25668
30165
1685
85248
56787
68372
3560
98078
74700
88847
74659
92522
87596
13866
80275
68012
83022
47585
22034
91463
93331
35291
91831
47510
23090
19394
53078
88064
42170
22143
38710
21497
24198
42367
12402
12531
91345
69600
13944
44870
88596
12548
24658
35472
93860
58320
48675
17352
40875
82236
18046
66410
7928
39380
72092
72322
4100
50058
88003
16836
47424
5218
90444
10388
41618
84119
22873
45219
16509
71200
51475
61855
46966
96410
31373
97430
84023
30074
2834
78178
50818
53448
4376
58038
14458
60863
53947
45284
65170
40205
61464
88359
83208
62696
53952
10206
29164
80465
98626
52624
42619
98781
36297
35056
9691
70984
26945
56762
48350
7443
90407
45152
58537
67229
65586
55249
44012
92605
32915
35218
46438
47118
1443
37270
66729
72040
3505
25477
82302
48515
43408
98404
14613
6574
65998
30147
19124
7450
59419
47284
41731
36687
81939
58834
3541
35911
18904
3140
29332
75072
47789
17691
74916
97593
96665
81720
47138
38383
41447
58849
74587
39083
7800
99672
67721
79153
82382
5647
97059
83121
48143
73934
93125
20586
14406
50397
46145
31498
50464
70300
73460
99767
8799
687
49413
74286
42081
15522
57949
33194
65525
83461
43224
95378
85760
82150
24639
14662
48033
78482
41415
93801
70114
72930
13882
30166
61256
33030
7728
26567
61792
31533
88079
74979
12794
59186
37432
66889
23589
32240
67110
69482
19184
30258
87571
58975
80754
44718
96834
24070
84756
13224
83540
22606
6920
561
72746
40072
88404
52417
1803
58898
98601
84235
84092
58565
48671
82459
52715
98172
90457
31830
21877
54216
51331
15082
38366
80719
78776
36148
97863
50228
47177
3333
51519
6675
83158
89819
82737
62702
12517
41556
92092
63485
54686
33284
63211
36747
24127
29235
28778
59411
127
70555
54028
92684
38889
9114
12326
4614
3876
63438
59400
49670
72223
36313
68764
50782
91450
94138
59683
13615
5493
91558
74450
20339
42483
66337
11714
8352
93712
17249
11298
45502
45840
64540
70059
93987
27755
33112
79380
74302
26470
49174
12145
22111
57407
73826
11779
28193
19081
96788
99124
50570
89512
3146
97841
32323
23724
48656
94669
95288
91447
8029
48181
78931
97
3625
85425
70979
11792
34142
40478
58810
40684
77211
78187
2530
59849
86906
38010
23687
96322
33399
56840
45603
24619
69763
83979
6484
11809
90456
82157
13110
61904
60547
36341
85035
30801
34819
27151
1776
79183
53878
88070
59330
31952
37102
2941
40349
68816
57799
80975
32325
95512
74886
48698
87334
69114
74712
24192
44927
77613
53311
4189
86867
29883
82269
9682
12864
95359
73723
55491
42996
48908
91497
24494
74792
6116
39050
28132
85381
83422
67044
79789
71011
19657
51889
56626
99297
86558
64213
33091
36964
38415
33194
61709
87958
81658
53365
40681
18194
76393
54109
84045
49978
5720
45447
7903
35236
93139
44109
18288
87727
8297
34933
55097
34112
63460
54216
44423
22095
74399
20436
25391
55265
71863
8316
71401
31445
80867
54572
50005
64467
67532
72055
18998
69875
24040
59524
99845
90827
61628
95684
63092
67818
12156
45087
36195
76340
35810
27018
87072
34687
4119
45977
41156
92544
95271
17795
42290
38384
1303
67687
17051
34460
53388
65734
2221
25283
53592
71641
80160
17056
40633
59847
57107
32932
69377
78644
60253
89424
47066
14002
38297
19404
43685
1364
48862
55164
74175
86167
84072
77361
84752
60902
55395
28057
7259
20855
26971
71916
36439
80856
80627
46256
7864
14831
7048
93764
46086
82103
19634
16661
51050
85162
46978
30671
17122
70151
20893
58821
48354
44181
24730
91450
29659
70179
27569
32379
23819
27635
70251
4781
41262
13804
71029
32335
25210
24963
36286
15875
11758
93243
11540
83177
50005
52965
82463
3541
64915
88518
20983
87784
5629
69690
20894
80569
78641
47333
69316
8099
80982
90915
98614
89792
83884
49984
53043
61611
8460
1895
19757
86490
66867
64612
9344
36990
66272
24794
41908
72246
14178
17828
4951
24473
21352
10063
65716
38785
44935
30091
52192
79623
91866
31305
76849
66294
30556
24896
79365
91376
74225
3134
34742
36057
22448
59580
98947
21587
56841
47797
80630
33891
35709
15787
16942
6508
55366
49645
69756
23173
854
40973
26274
6834
77193
5192
20784
58271
14403
78074
47558
82999
5285
64272
1731
42733
12400
48446
36846
61373
4314
50533
41952
85617
75253
30555
65378
57075
2830
90195
36326
85484
12537
55295
50409
72423
55388
79461
76780
5079
54691
98298
29598
46362
97015
662
3033
21010
75984
74105
34715
70024
80113
26831
45063
47519
38051
62457
16886
2833
56149
58682
98260
25306
92910
42568
182
99501
91694
15618
91471
6106
12610
46473
73192
52357
87395
50866
78417
91959
9651
70444
39863
18813
13572
99489
15134
63687
30576
94565
29649
73237
75968
8239
27887
14689
98222
62586
48414
27848
5217
41444
66055
87205
47801
64439
70477
7058
15518
43089
21631
65144
52009
75346
12552
37343
74178
94826
60469
13894
42672
77766
68999
29204
3983
85061
9165
43923
58101
43760
17114
23806
33009
56332
70968
93468
87136
26741
28361
44360
87120
98850
78832
26146
43872
53486
42312
76291
98633
96242
55051
76877
44906
6881
1760
7560
20172
93983
19559
36239
31244
97786
43981
7889
56391
72933
27563
9608
39904
12798
25115
71290
76683
30003
45435
2599
3151
75499
12400
73795
97301
47395
37428
92858
38494
82249
41479
89851
57663
15751
11074
67433
51706
89235
17817
4495
48878
97471
1731
31992
90660
23017
20122
42764
8222
65912
68620
29882
76784
97397
37830
75499
60843
82301
82593
1213
72746
47451
47491
72874
60500
83364
98312
12586
53209
34140
83229
96791
43588
30693
35533
57476
58475
24985
46080
77156
38839
7373
5265
28215
9780
33991
77047
87585
14138
51482
76660
46237
82200
99592
26225
53416
44363
72582
27589
62771
30466
53825
80140
73344
40219
39975
76939
92442
46202
10749
37538
90673
63768
93930
23136
49484
69131
82890
48360
69647
28864
22510
83146
13825
9083
95771
88264
46735
37429
85986
15828
64933
66692
19195
44683
49114
56276
32548
37860
99406
56559
60038
24418
18539
56987
63835
60394
41008
10970
23959
45718
12958
90577
53339
41547
35590
48039
86006
80555
83129
90241
37512
41643
75968
85944
99600
52205
40665
50480
80456
48083
96899
23426
38880
76814
51368
91362
5109
43125
29303
16161
88585
44343
48226
22492
64908
87635
32851
64521
31361
4023
82693
41183
80870
32720
47685
16995
49552
2533
83849
28677
9765
17483
71572
80239
43843
72115
45119
34151
43578
85875
63025
50535
10094
57063
60426
93020
79711
91681
85917
47817
66501
24391
94598
55621
98868
51929
10102
21145
45369
3636
15015
72337
75539
99246
53240
40210
92111
72830
49201
77677
27676
58557
26492
14893
59686
98191
26090
60692
13098
40293
62537
13090
39488
88142
37571
86798
3919
14464
1893
67752
8742
40212
39624
69103
81858
5075
15133
77165
5836
83287
35063
8435
57018
63226
42515
4683
52299
83735
58711
96799
14563
90469
3996
52428
96479
25533
90453
94908
79016
843
22968
64852
9841
57180
58843
19511
74414
3840
8191
98988
7297
35941
6124
73834
57457
59694
71891
45790
11037
78821
31789
87819
73400
72521
58748
1642
9839
76374
31149
59944
5289
60702
5180
4433
55180
95818
47815
40627
70974
468
38167
45390
87174
81337
15435
90336
57237
60662
46911
65531
62233
94664
78806
71721
43780
63532
54139
84146
18115
47666
74905
41516
84605
8962
16017
32551
12260
39201
42014
24204
37413
14770
25472
83635
85513
77228
49336
97727
53293
59789
68800
29446
87929
60509
11586
94798
55649
75645
64454
21303
39198
65959
79085
4589
70848
50413
6592
68588
56854
57271
73533
60124
49707
17891
53211
55521
41291
61022
46807
82937
51301
97876
14691
75690
95731
24997
79145
85000
18803
10504
93605
64119
66984
53902
48501
76735
59030
27577
64015
78429
43789
64080
33367
43460
87659
51874
94622
40884
44454
59138
64335
6853
15406
59046
3782
15998
2037
17822
60368
33803
16131
1282
92496
57492
32268
27716
49655
41219
29661
23268
46166
58327
74917
69878
75509
2777
59500
73748
2592
8510
14686
3157
2707
75817
76821
82204
32205
40292
50625
81357
9439
79575
85169
64940
79909
26987
83091
89474
78477
45644
98152
17955
12161
37408
92518
73949
89340
53985
77800
34448
96954
15481
37685
66297
8213
40902
91132
38173
83282
67045
52636
65983
95469
69212
40157
1545
76615
11636
18484
87722
75716
90703
22675
81719
3756
50170
52846
58149
76597
27109
51418
4749
9168
29177
64144
71658
52164
11283
86634
60206
2963
47029
20772
28619
8428
69916
67237
4757
24108
86982
24759
90435
54746
44446
64471
7148
80492
69741
9684
43600
82967
77240
4158
95223
94189
82517
84040
63041
32317
1765
22227
41081
85681
50089
26219
49687
66872
10041
99664
13217
34620
51696
82147
75918
15205
53452
6159
40764
89009
68675
55925
19188
37599
52879
15213
41056
48957
99802
15537
2451
54205
28807
77601
19341
21661
26505
89660
84751
1657
69040
26906
77039
91748
3245
38639
41614
87500
65475
45928
54088
8989
11011
32634
87365
23652
82987
11222
37482
56784
76162
7457
97758
5633
39689
65181
55967
33694
89429
16192
42782
19632
38831
40330
63970
64609
57179
74626
36933
28484
61496
44298
56172
32352
1442
9047
38844
61589
26568
98901
82558
81576
48976
62098
12603
15160
10417
77802
99867
24620
16210
35160
90740
7381
59048
76909
24048
10178
93591
93893
33327
65182
69025
86341
25516
11994
23038
76854
77258
10241
79079
39146
57304
8231
7150
88897
97080
55273
70936
85537
65864
38850
73070
78127
12483
15396
67417
83055
54412
26953
52693
9450
74042
87635
17784
98997
10566
17609
51741
29628
60307
11919
6828
31067
89562
36517
37902
13154
99498
39386
54205
73663
10363
38655
41626
18361
95789
76230
25688
35061
15785
4896
61000
39240
86194
45354
21023
93825
50011
73578
58903
5593
20800
48442
20842
85210
11402
31605
4722
84048
2813
94184
38338
72939
47390
62882
82563
99045
60085
76480
90703
77471
24651
62124
21250
12267
41378
98776
56903
62464
93943
37484
72561
19627
81990
17313
92073
53875
62711
8293
45135
96553
18287
97089
35411
3073
98974
39782
91104
42664
55466
5373
68624
66374
61543
79689
74397
43724
95984
83575
12975
92338
59073
69923
75440
73955
5579
58273
75952
12952
20105
65370
25637
97572
91272
42687
25753
25085
50089
25949
22216
50482
1660
52330
40123
94128
52541
50836
83962
47281
49876
43352
31837
91993
71740
7547
84756
89575
76002
24867
60223
4613
33167
5782
92040
68972
33701
17586
96905
2652
99798
7838
28029
25896
78663
38197
58129
75346
88730
30889
16966
83520
28596
63520
59432
92512
3692
51316
93312
9847
31106
9464
94939
7009
96464
22166
15631
45057
64125
46670
16929
30153
67943
26417
81299
79170
13402
92745
84043
26069
49119
59703
70932
27486
14388
37130
94839
26209
62560
40150
29837
50405
55589
35087
10943
21924
82276
29029
81817
1223
9626
10760
70840
59355
32460
17233
84144
68605
6270
13741
4081
20428
51177
67992
88438
98950
98671
88946
30429
88207
40793
94626
53481
30877
77753
36180
15492
59729
65390
49336
51631
97430
25712
98393
57366
75583
80579
69748
63672
1818
6687
51204
81051
26253
17865
93337
22952
1716
49874
10203
88414
2435
37424
10158
69572
33330
19088
95124
63831
17167
72502
91695
7857
37272
54446
78979
34201
30668
59608
54149
87138
51412
17600
43394
61421
97186
14842
80602
12126
61755
3784
50777
195
38250
78190
61494
85892
62935
76359
34705
55234
31582
44801
99335
12859
15500
30667
58315
4936
28610
38300
10499
61092
68260
75126
49709
80610
48638
29683
89619
4168
22404
89715
9270
54666
96252
6824
33164
26178
68391
47794
27992
30399
23693
97195
77133
66695
60344
14249
61815
65598
51003
93165
83681
93872
21884
72395
80873
29934
93902
79293
9482
86231
16809
94273
48678
59021
99104
92589
46075
47574
98384
64092
96995
69009
84533
19405
63718
19536
83637
26246
71147
11962
49679
40483
33168
75731
44860
80508
72882
33730
43700
39035
60342
12073
63974
61105
38816
44327
22608
26943
54062
18700
26995
76378
6369
6477
33246
29029
23823
47711
22463
83471
27362
56995
43433
9625
51648
19957
53323
3416
49009
36077
13735
45924
75873
18300
25399
533
57846
30621
47120
7640
80567
12108
9216
50100
82357
1563
85350
50238
74960
12523
28151
8304
74786
76295
6942
64140
98283
13918
49005
12861
24267
78199
92492
67375
74292
8426
17222
10540
44698
57432
19058
79811
47204
59964
93223
44488
87404
94172
33308
70276
22940
30475
7582
31076
88695
61902
56840
80561
35468
30250
32576
81426
51509
7755
56578
63290
50137
87498
14668
85495
79789
20544
744
35558
68030
10161
5681
82523
45987
51851
13080
95423
17441
34764
42038
45888
70786
21105
79380
93572
19651
27918
67511
4536
91699
54729
39422
60434
53257
35592
14908
92396
10853
80226
58558
34131
3985
29322
69769
32492
21941
91748
51339
90158
54526
14346
71433
79811
38501
77040
95200
86605
55166
79781
43135
87126
3872
98300
57926
24056
32439
46138
43023
40460
59465
22234
93522
56723
79106
23271
43562
459
30896
55790
42549
81696
99100
12595
53453
18892
78020
26737
28092
44976
63674
30691
42741
46249
2381
46011
74595
48221
1584
77396
37793
78940
23267
31926
36060
77948
82602
51268
72326
84752
98374
66046
8567
95164
37733
355
83486
15847
55588
71506
77654
99781
25738
14263
7609
25965
11369
64316
65216
63914
86602
77332
3985
36979
81093
26263
75389
37989
51612
92815
30323
9348
12038
82915
87826
22819
21053
56622
89578
15899
9851
22113
4604
15069
31615
15608
72420
38085
22404
4639
43432
72867
2703
94680
22688
21919
23160
77645
96689
73969
3587
32696
77634
4006
88357
59626
97964
51281
14901
31977
14813
74892
76311
13523
23953
52163
48262
64912
60317
81703
586
63546
79857
5080
93990
91275
63092
18420
37033
86448
3142
21547
18394
4247
31068
66025
28119
74944
82631
75537
64659
59111
86153
36322
74249
35692
72144
13695
5563
14073
5776
23862
23584
49822
33559
87990
27714
35487
90462
65488
6745
70949
83847
6646
4029
4684
29277
14860
64516
29310
38583
6677
7246
86028
16139
39520
24304
30999
13533
88213
87703
33564
93390
53620
7756
62848
94306
89121
74553
67527
82701
48955
54309
7688
48970
70203
28156
38232
52702
78728
88592
355
74452
1837
91830
96590
73718
82682
51871
49841
41969
76846
88871
58779
75479
33161
85059
30287
21230
12199
33275
52554
80619
87586
86204
55704
70348
63441
28734
71500
1648
67321
91088
3368
74214
7559
58548
55024
17154
56500
13001
84461
6828
3892
29103
21134
17661
96141
67592
40984
78053
56491
44446
35733
76818
40941
66818
27862
6099
59852
77950
52681
96586
34850
8200
61558
57367
59816
72722
32623
91112
55961
73649
35794
77196
9277
32763
55995
95327
22789
77591
56218
49754
44340
58597
75973
2492
19170
23863
9597
89660
30488
37354
37446
72133
75743
72746
16158
36387
68875
21382
55494
6386
79097
87422
714
6177
77452
44290
94013
15476
17628
88047
23950
29934
75327
7107
7999
42469
97841
78225
9077
9268
26
32398
71070
70462
64412
63038
81810
74726
24226
81011
61887
28063
20885
88985
98594
72009
68231
39211
95830
39940
34348
72255
10469
97590
82167
95905
77188
94940
97138
87951
10845
74839
63708
51490
78680
52279
54632
65119
22699
13983
99866
20755
84468
94645
10379
26452
30436
61181
67675
17158
18511
35802
81669
28846
88300
79527
82993
67660
88431
66526
26890
70676
16294
49037
50452
4798
84068
31569
7351
48624
78634
20110
37219
83954
50631
97088
26679
44275
78103
79717
77722
62453
26369
31462
38264
1357
94970
99784
15681
59724
3420
47428
25643
6734
53361
91229
35671
409
42891
13263
79401
28297
22492
42332
88089
12514
42412
20000
40530
23043
26114
29152
28889
49579
17347
17042
87265
93122
96454
89353
38217
66334
15841
3311
80415
6589
75828
2269
60466
82760
78683
90862
34388
48126
46256
81573
11019
1025
59039
23339
86182
38790
885
98172
67287
13529
46420
37488
96819
30792
47501
40052
34834
86541
6431
47058
98028
5486
20488
25538
63912
57501
52060
36178
31053
78902
4476
95673
2647
92151
55717
89978
90255
65684
19666
63969
38138
39473
39398
27890
18775
74057
26854
92480
64060
7302
90273
59311
1598
93031
79012
93432
43175
57164
24731
2655
91392
46136
96065
45331
60729
44567
55761
81870
51761
93355
23514
48096
62494
9729
17272
59644
9730
36418
33583
23718
66412
46119
35338
69852
69299
11993
17890
50175
38235
49714
34187
29656
87074
29388
13072
10825
12512
50563
49519
25877
86178
90757
47992
66963
44061
79965
40256
69185
65843
81749
40202
68487
17677
83629
37401
93922
77929
35599
69273
6518
72127
7749
11893
36855
18270
65186
2774
69294
18300
73455
44576
47545
34364
607
32743
33453
69321
90615
39656
16874
32666
25009
18534
25795
28171
16243
85064
11046
39559
59996
13408
88596
19932
25289
42940
4028
84394
16947
17763
64459
75422
17588
76353
65319
76976
78914
8528
20692
88144
8838
92428
83380
62723
60830
55919
64618
27825
80286
35316
93927
44177
73380
86613
19821
83498
71671
7034
74064
49428
88938
51356
41847
68180
49084
3073
99254
43409
6056
62894
14613
93440
97200
63617
55634
75494
96968
53567
16099
48764
10440
60937
60362
9173
73808
70283
30860
24018
23639
85945
18432
62169
14100
54486
86704
52697
68731
13646
47988
53866
64294
67391
25946
88203
50411
51964
33704
60304
2007
53231
91453
93879
45206
75982
80056
52599
6750
75109
15634
23241
73197
34491
33418
84077
11958
88207
31690
92262
91734
32787
91059
7398
96228
45655
85975
68092
9919
15634
52558
16591
70222
98195
14403
47738
98693
61299
46588
50315
90775
69431
75392
81238
20210
10702
14613
46673
44074
86606
81166
92104
30162
62658
79020
17233
20114
36098
42261
52780
40290
65793
29965
44656
80571
7957
47202
18122
52033
54479
16791
87705
19135
90039
2869
33820
15993
84515
10657
14209
96138
80371
19495
33071
8664
70866
69152
47209
22515
6262
69364
97770
79954
94049
43342
22919
55053
80566
73014
51574
85774
33056
62223
43984
77715
32096
6844
21096
1887
1989
1655
18883
33276
5326
37792
43061
69431
43969
3682
31712
2525
55066
30028
965
9945
48152
61029
26405
99744
62343
59864
40632
35248
27631
97570
32630
64738
13630
20436
89203
57779
94636
94046
80911
52273
41888
52610
1192
35655
11889
28894
83596
36629
8170
4231
45485
80664
72158
59745
5827
7288
98490
10163
32439
45563
81146
70785
98876
21248
63034
73347
73826
15867
34949
26451
56525
66068
39716
39377
58358
38931
75698
77267
93305
1913
