93546
87408
2498
79966
29276
25949
16416
91098
93130
79699
72084
21148
2625
95443
73133
91257
5386
33781
90891
45488
98516
77317
16758
37742
51655
21566
34057
89124
42585
86597
99406
74738
28313
68178
1143
16995
80174
56210
22659
5732
37321
19280
90668
51263
58843
29678
70527
40773
80423
88037
98412
69902
79263
91115
51194
38535
54542
76192
70768
13414
11538
41265
21740
78236
40101
37873
46271
93972
92135
16074
86759
77283
69264
97825
6228
92456
50730
21078
86938
14931
33716
79371
22748
24797
2250
66333
53931
33371
16685
96295
80421
25822
91084
39383
13936
49122
79157
38365
54870
92791
57807
15846
54697
15122
6518
5215
92094
58865
73512
6431
73215
47239
69245
83433
32047
79049
57030
53381
46914
35241
41582
87787
96176
93228
19843
67325
31474
45127
10684
45193
96066
39435
81394
31503
18216
96175
81715
38205
61961
38783
23915
2253
9606
33796
7471
17549
39874
22933
22450
267
9177
45459
79806
37204
33316
30921
36298
12741
12499
46190
32753
26365
24577
69760
76472
35290
15408
3145
35077
29285
40280
88877
50140
85920
97011
44193
57442
35538
57644
25660
54807
26540
23812
84098
73407
85167
77987
38578
75738
882
91570
8849
59868
90176
74392
79769
85800
28257
65109
39874
21829
79343
67600
18785
40835
73578
69393
78017
46422
64252
96897
79558
80115
59993
63686
93278
71533
53642
28577
39814
62595
87330
67500
1923
33105
39762
3212
81066
69426
82087
37260
78486
38909
65940
36578
36220
15177
64252
55579
90435
19357
55946
31437
42550
13519
94146
4667
81612
13661
81599
57211
2856
10625
40505
88325
57116
78502
7312
34684
82638
37049
58547
9797
19947
15151
7642
31864
79066
60959
55996
31539
77348
85558
28027
61839
1929
99714
73607
453
52270
93373
42294
60732
62876
27996
88277
70533
60889
97759
10528
43679
43376
51939
80668
83579
43723
3748
36255
75300
46415
6520
72129
61440
24883
45528
81517
65219
40374
69671
7080
70766
52671
6176
68263
52573
23250
73621
90182
81837
62339
73167
48715
49826
40792
12725
43677
32991
77967
38249
84183
1489
85534
63476
81170
86337
77626
37720
33113
1785
7691
43944
65167
68453
13221
7289
27779
98496
62778
50620
41866
31224
32530
71010
82475
27306
37615
43723
67427
5689
58980
27546
83308
8697
56535
66110
7538
93502
26273
32765
98546
48802
79769
32005
34937
80213
60284
78559
28330
91773
21042
14050
74173
17278
88891
43549
29772
91855
87975
93931
80009
31683
51549
35549
89533
67052
79233
4791
58577
87604
84154
39755
10624
74500
4675
48726
72659
59659
43359
73678
3849
59695
52991
6831
82593
23069
49771
38358
7837
34677
28551
95001
15631
76579
89125
29595
4726
2004
30008
40226
72682
75905
29441
43467
7620
38124
66012
58162
7530
25726
29631
37070
75797
52957
97363
92677
17781
81399
63381
57578
78609
514
53488
29341
89370
27154
66945
1326
82284
28175
1394
42284
48522
20312
53416
81121
66671
53528
18728
15282
83149
85140
45379
32415
39098
32789
39649
49376
62390
78211
32463
32415
61831
22688
49644
62145
66474
6456
82127
1067
43363
36317
94592
2761
17344
61702
75139
16877
96671
96852
29956
73908
56477
6046
8183
87762
67960
67070
19008
70161
38072
95370
91910
47080
7289
35656
88892
92652
72213
54851
98648
61866
42446
25542
9994
51864
75445
69740
10252
92236
1399
80184
76153
90482
9617
3894
74898
17926
28255
16137
97164
9204
29574
19990
70614
24373
64011
98385
82449
97107
6613
45423
11812
26140
13230
90535
68740
68495
68998
10381
80410
80173
37755
80817
33448
41766
64847
90555
16803
58848
32066
68234
25804
47734
90152
51872
45743
52542
51378
60193
7204
31576
61808
48042
66007
33786
42254
62471
16727
37401
62147
72612
29302
91048
39320
46165
84856
78778
40464
37472
93425
87893
24502
83877
71679
30187
23693
58858
56795
93541
68958
94406
20596
57973
83553
3779
62490
95274
59990
33365
21879
61506
1934
4857
64235
10141
13970
8747
60075
72114
52731
88579
82758
58013
11054
56666
16168
18845
48247
32539
9898
95475
92623
35120
23992
64465
45673
25122
83211
14518
93959
27873
35905
44677
14925
98921
64765
77761
78326
64601
20522
93954
24058
97876
48177
58060
55535
41721
57137
4680
65752
52500
57295
52275
75790
14147
1106
55019
69525
72813
43388
67829
78302
70346
78082
68510
61229
96010
13717
8338
74743
59315
29619
62333
95700
56026
73374
35310
42254
62879
74458
49862
80611
87482
73883
28980
22909
93504
69428
28079
34805
14576
18323
5089
71580
63290
40445
23144
94055
63385
62629
37740
74718
8227
99477
65197
39043
38212
21293
55820
69201
40198
53722
56772
49551
11115
77679
30654
3438
28916
41325
20133
77167
10280
42256
34409
46419
89419
31547
82265
76080
2278
54746
61592
52776
520
36751
55673
33015
58622
43506
5941
61267
31700
4613
14647
50837
7376
20963
87975
41268
17058
91239
80306
1569
46684
74023
16078
71286
63648
39893
66186
46758
73153
70103
20636
21094
13464
82948
37187
99218
48753
76313
91582
75476
87996
30272
1379
2424
24580
50601
89591
33293
13678
91641
7004
53356
39248
24389
58816
66339
92022
84702
65086
20340
51756
26569
68179
55810
67221
61161
48441
38813
82678
80866
14652
49439
89959
78064
70778
40371
5997
73819
85896
39731
92737
37221
97513
73084
31131
21186
84326
72203
36381
14535
7146
35299
76576
40561
26846
31397
53249
60160
24916
11021
24690
66779
42609
27234
90609
46629
31326
81755
74790
24810
80772
10188
6907
70217
83565
73156
74043
30981
15319
3460
10685
59666
58418
85062
2763
1022
60880
7357
55473
67297
45129
81242
33620
53556
62453
21894
27885
34236
86102
26900
85184
60361
79011
50216
59771
7720
36382
27673
7654
90728
90704
85319
46771
14733
51410
3734
12365
21920
73695
88020
25210
71625
62739
57238
67416
61010
4847
17376
32186
30871
3706
99304
14454
13323
68483
29734
94740
40221
50587
63441
83300
46811
37231
84815
43333
80541
84565
29920
93580
21576
41387
34983
88767
8087
11654
99431
41837
67311
53183
19212
38837
46867
746
44255
26484
80205
22510
56015
52797
91029
72337
54704
92801
92029
94697
48326
33485
4335
63312
9602
73548
8892
47094
83565
10544
94406
35622
21379
6283
57699
9490
48434
10548
76946
93179
85055
96239
25214
20289
69739
88357
90047
65770
12914
89988
42662
31446
58517
73233
22302
80768
72388
97184
6386
45860
95
52848
55264
55334
28922
46625
59006
1963
1459
65585
90200
54191
77665
14900
32466
41215
4193
32717
50871
48708
37014
70003
84839
40823
85100
61332
57980
72245
58152
66030
83474
14195
12795
14871
37094
64196
84311
50086
99440
79871
65800
33124
15687
22402
42772
45113
74788
80686
42098
85005
5211
19653
66220
63933
72007
76834
70606
47541
37684
77600
83448
91790
79270
95370
98077
4649
44070
65742
75528
1630
20797
47942
19205
52281
77344
66147
34700
96537
82516
35066
4355
49441
90662
45588
89167
13890
68544
27915
41735
40401
58050
14254
88567
29644
73837
99571
44358
33287
45432
42601
45216
90924
17378
17711
24273
20992
42241
79731
29086
60132
53619
87720
71132
7870
15936
83821
12369
23782
68387
74284
46193
89293
63552
13089
35012
79180
45676
24322
29843
5968
79012
83563
72309
97467
28248
86010
80305
32791
21891
30750
65116
40736
39811
30120
51079
81735
98953
50133
33327
23573
11042
78776
10326
642
30349
53122
90419
8536
38636
21982
15327
96847
53296
56447
46834
39290
30491
10583
18933
62521
41784
19614
18825
28345
52236
3809
17599
30878
65794
39269
60636
1071
28376
19273
98973
66961
624
52839
67066
49298
94373
62585
82471
84042
56966
56364
68624
17298
88317
53484
53736
62428
63851
13664
50851
87257
8829
94532
90470
20475
48617
29164
90146
22421
40767
68197
30904
12413
1712
87111
75076
53419
86144
74965
55379
86841
46842
57963
78840
30186
78298
14417
18436
78813
37112
82680
31503
6660
73504
66776
54571
6705
27130
22033
17520
27775
66871
26802
45460
24005
3884
95
89445
24073
92368
26430
92111
6340
83050
25609
66396
47999
15926
700
82962
74480
68950
33899
24747
77154
42029
37747
58228
12529
67656
5260
83714
67767
34452
85511
38887
71133
72160
94563
96350
86060
4774
64810
65355
98949
55373
37924
43974
67735
83354
14476
84502
72879
255
86285
64450
76218
42883
38136
76496
25100
74134
70491
60199
80946
18201
17424
70154
82141
93119
22920
49580
6568
44292
69770
20426
59966
22637
64240
67717
32302
72133
62452
54713
49519
93316
70334
61390
12787
78054
22040
71172
24092
17526
87785
17121
28898
88520
97668
47549
60137
76948
1355
89629
73925
9441
15364
17071
65690
79629
76873
32585
34789
40029
18570
47329
47133
83704
86039
91609
76962
52626
84256
56416
78539
2797
35409
17898
52881
19138
39116
84527
98189
7952
80618
83724
33238
83911
68535
6445
10978
84648
10214
6013
9520
40838
48425
10391
22183
4250
45125
90258
95878
37683
79275
81271
70967
68501
30948
19988
30186
45647
40779
60374
30514
53341
56853
31202
83733
31252
83896
13655
43925
66301
72095
57342
12518
54631
7975
43145
12250
58750
15962
20611
67293
75480
56895
2533
15162
45700
27480
30603
99564
70478
92852
56808
20789
76187
45717
52899
30778
85272
13101
45365
7113
395
56164
29889
1446
65793
8034
47565
6813
12832
15104
75704
28137
57825
72240
79029
11132
61840
47118
52972
92017
96765
53484
7013
59792
49228
27713
59731
90975
23911
82687
19622
75173
46875
31619
74363
16996
3780
81296
70567
76150
35600
28020
96585
70456
85982
5284
90916
27544
29521
60531
62281
23894
41083
73776
80510
49135
99660
42853
29659
33236
27836
84869
64141
21918
50163
61794
74289
57790
35329
58379
26585
5443
12623
57935
94756
97297
61018
3168
20232
35661
92677
81221
35763
54433
54913
4866
80531
64351
16522
84031
7064
68627
664
56980
41985
57078
83075
15852
71456
40950
87507
29214
12153
90432
97436
70279
45502
82682
61002
10695
3491
10665
57499
84685
6544
54406
80606
3207
63040
92054
44372
54795
52079
48827
32639
74844
96967
32750
14358
63813
34689
38209
36287
47950
73276
26405
92437
56384
46898
36797
60060
20132
63924
41574
54442
13521
4535
87044
6351
95629
75439
34399
16019
79499
74409
63400
52813
1199
98227
66405
6560
24858
11599
61190
73746
79830
85818
86303
9063
67594
33288
81012
13272
20959
6614
22350
90346
22593
84741
74438
72952
5349
99563
88920
54774
75054
79987
35183
92641
58463
2709
4057
9861
53977
29804
61289
42907
74284
12742
91733
19893
99808
77466
25060
75037
91419
26511
38154
65863
38663
5248
42154
9838
10621
36454
39405
16396
53466
4158
63015
59972
80244
65152
68938
36037
77280
54504
70237
20778
28487
32771
13433
35867
95066
64473
59998
74227
41506
29844
95190
28977
63414
27781
76744
41579
8361
35278
81691
98605
18476
89400
91710
62913
39279
98210
47820
735
64796
75129
62607
48147
8827
85515
35411
15831
67128
74211
67966
82248
1446
47413
24116
56958
81762
22011
76082
62893
43412
78684
66963
12705
75484
24574
40398
12455
97687
73320
11840
28329
50078
90461
42062
86244
76834
43182
66153
23254
16165
26888
77347
20453
81822
65392
8096
20255
23045
53779
14803
68991
65394
41695
81731
67711
64076
35428
16113
18492
75734
96566
3921
41149
59265
74766
85759
99511
16766
99034
82649
59422
47627
78531
31878
74519
88436
49501
90082
30641
99881
41188
23466
86872
39475
93381
58152
69597
30759
49581
73264
39496
87826
76689
89080
24986
45807
49881
58045
94663
76562
76553
18209
94716
51993
93972
103
59560
88859
66573
29973
54295
30113
44876
10867
11946
35083
79694
85361
55455
13108
84871
27942
79387
67953
51013
33685
92565
28190
45455
60239
53835
55416
32600
21205
75676
35510
81991
15997
59707
88996
42409
39599
17449
75952
82054
81688
25236
5064
37415
29910
17846
63130
6922
56578
17169
89797
85062
86979
12339
13482
20939
95347
90818
6786
70013
5188
32485
44089
45260
26487
57381
69309
12313
38450
50926
43308
80675
76135
45188
97148
96064
98525
76292
90660
92391
22970
31454
49159
38677
60298
9812
57649
61806
71962
32424
32913
88493
68655
88830
39099
93442
77812
35195
16961
41490
56152
45457
67191
29250
37285
6584
53660
60302
42719
2474
10688
50769
44526
44047
69394
36915
72351
50945
38454
82293
73512
97262
43178
7319
90506
65455
7393
17003
72587
74682
78812
45863
48522
75387
63398
26847
36903
79021
96355
86471
13185
93342
27723
25803
58663
87965
41665
13630
86688
6662
18930
15464
5095
54577
42301
66125
76284
80708
4043
6662
87880
11963
63984
2275
69951
50551
34146
69845
32938
31302
35269
68006
86091
13115
26986
1805
91480
35897
93503
31708
85167
86511
9378
15523
93411
90124
36237
36628
87918
12216
30842
96315
59260
41287
97846
85201
74708
99330
846
64597
98688
39546
31041
3534
35475
61615
31299
78734
88492
81305
29555
33162
72520
53252
41023
134
12464
75956
14923
63040
47351
16285
60478
33126
34044
41689
90252
50619
99644
60382
49455
69420
11098
50388
81082
53097
93253
69038
45648
3295
43062
51139
75762
59207
55184
64967
41945
82570
43950
48453
88219
72037
38417
46217
97840
75343
13006
39886
57545
3421
75029
67670
25177
10060
93672
65393
31248
96186
7120
94994
34564
36999
48604
39198
69048
37734
20849
15631
55826
82625
53485
87363
5912
92994
17572
99657
14994
43759
32090
66392
3396
28802
84829
82693
37550
90407
22840
68060
8356
31962
41241
17251
52992
48567
89409
85072
21383
53552
26512
2400
59011
84879
92039
95271
26546
22742
70201
66800
6576
657
85780
32694
14418
25776
48948
31710
57313
85993
86916
52757
65602
88813
2410
90404
7626
71780
88164
89102
75791
33599
40910
87384
48333
17644
4103
16847
31946
8970
96649
34183
99804
13628
35369
64666
34085
19852
93922
13257
6172
15418
59208
48131
5671
65233
49806
37097
85346
54613
9028
87091
87362
77967
56759
69451
5384
27859
44036
4472
16794
54774
23109
36847
89477
294
65024
31730
98512
93450
22517
19347
76982
92762
53387
23294
75832
36566
15480
3261
51218
59268
45701
85646
27383
82440
48246
61412
60738
89556
37123
76625
76988
20282
30523
45290
42357
68894
47479
64715
41830
42427
1969
9791
72956
4615
1277
74510
35960
24326
75268
53002
2292
81695
34354
52803
60850
34059
10273
37506
55992
93084
79141
21731
47171
28632
8475
79697
22195
44109
18593
12193
8891
81414
12869
55278
10223
75926
91212
51640
78995
67157
15342
69063
92841
62879
2361
20183
59202
74194
44374
33875
5484
57777
72258
52990
19987
55416
76245
9735
71233
63840
95433
36622
55747
32194
69245
90153
63811
44735
87923
70632
14381
97942
92502
33558
44694
37922
70375
84514
2550
13714
66055
59805
66901
25235
48580
14836
61394
83982
38109
50514
48022
64375
68965
32018
87429
24319
25030
42646
73318
18016
11806
78990
10972
27941
85775
9195
55617
66783
16344
17768
1653
67323
68843
943
9074
33229
2278
52172
60674
43496
57771
29045
3
43426
78605
56816
89014
69219
49380
73137
22037
47992
37748
35382
90908
2609
73934
47105
37111
47918
83030
50940
12542
38553
94771
27363
62708
6211
31765
38659
14071
56642
3635
7264
84532
65764
7960
56820
80301
99923
26070
53472
55275
98694
18644
26986
59086
61153
18514
73056
35818
78613
56787
12124
90133
71742
48064
34452
47903
71728
53868
49911
54663
52889
56388
17747
45123
297
69101
49624
93569
63251
95332
45663
22977
66737
35844
9758
99813
1979
80286
61976
85876
81289
97335
98397
85746
18059
3191
26629
47363
98797
51815
23919
24567
34623
69593
40258
19171
23111
98135
75780
25119
83003
21652
91451
63107
90999
36460
78923
44560
49560
53383
12898
43408
37831
4204
38872
38298
55898
12495
32290
10716
69458
63808
46529
79195
4594
42543
98835
81711
41716
90272
27375
73232
46348
45721
52246
82046
67083
37712
69237
90001
3739
67420
82982
9630
67320
321
82871
65989
62097
86705
85944
19261
42717
1142
67009
46175
14391
7972
3208
76818
44023
36023
19685
53280
63384
71502
47339
33980
48121
69180
9304
55465
33327
23627
29625
94221
76788
8649
27797
46595
22483
21746
89394
53659
49029
46988
51279
86492
42826
25079
77943
40419
45481
79618
91520
57959
70444
78306
20588
35726
35716
11322
31466
96466
711
83973
11049
87997
41026
55966
7137
22070
87961
7905
8974
88490
4971
99367
59649
60620
31221
51074
66723
539
69367
92251
49717
34676
88304
94627
9048
48885
65273
38705
75290
83085
57340
12793
95508
2005
26033
26213
2471
54454
2963
98185
9172
43354
94220
23621
3055
58483
43247
98111
11947
33494
28504
32682
74379
21878
66061
40271
9066
93222
99828
24661
55253
10120
55413
45791
45823
95742
30033
94597
17827
12273
46267
43240
43350
69799
64333
56851
84898
89534
70585
72420
94660
75025
70504
37541
5730
93251
11611
72847
63586
78803
13799
19963
79860
77108
97909
23677
98494
51029
92654
30027
27289
11020
98532
22871
97077
28261
87013
70248
64579
91808
85239
38597
27289
7983
3417
33821
29274
72158
59046
43570
15152
33862
35371
10639
21198
27939
82489
94040
73345
26277
61456
29147
60662
84634
26283
33040
27390
94165
56226
93167
45920
24206
32857
80727
49164
7793
58519
39428
84207
90420
54068
26955
24045
58451
84909
38687
91843
9472
29871
97212
83857
36752
54056
29182
52281
73661
9585
72065
37679
32128
28192
94013
9422
92695
38404
87496
81314
33844
33365
19819
73789
69442
93284
2748
54420
67852
7979
40255
40947
61270
97436
39523
81936
11994
74757
24264
11713
71103
95546
76318
32407
16807
105
81337
63500
26301
58094
51610
90495
9564
24228
55703
83868
49261
21803
31362
80722
34662
1685
90805
76104
44410
20605
32964
885
95079
58609
87810
55059
40293
94902
5389
19182
77228
90266
3038
71171
6977
45963
7330
46702
25356
65420
51847
16745
66934
8502
68910
34520
80381
24069
33253
38368
70877
43191
47438
41173
71356
77711
45736
93957
42680
61103
98745
73699
93206
30792
25529
63816
61942
20394
35049
57198
32223
17558
68774
81121
71690
46098
76040
15862
51381
80443
84264
30849
51413
96500
46583
84113
10569
46473
75091
16808
58776
95247
58219
10525
96003
62286
26493
8819
71614
67272
76255
7012
39363
30792
55917
7803
58758
61696
57916
83212
5326
87832
23807
90774
53896
28753
77346
10996
27318
13030
46965
39226
26443
28197
51852
53706
12360
76151
18321
34971
62079
85185
58961
54493
81314
46017
19089
34785
17473
64116
5527
99246
22720
81282
66348
2258
15337
83765
33538
59856
6824
9085
54259
72333
20560
96874
25182
21365
83660
12542
46093
8204
9293
98823
36892
38902
85039
80836
17767
40867
62721
51997
50695
68720
21661
30424
60519
65608
15157
74990
90363
96284
57034
82940
17246
53832
32382
5329
31576
69252
49367
42122
23356
98395
44904
22970
28307
93866
92496
20175
29205
14358
54774
89475
50747
56609
33484
7526
73217
84265
76611
9523
69666
32675
12714
74473
39184
72254
73290
82757
46194
51056
21070
4556
34759
9173
10503
39330
73679
59858
80913
54078
57145
67009
96853
30273
2053
38359
66488
7410
56617
61234
67482
35802
30502
60642
31391
57446
81043
15199
53820
22460
74062
39804
86065
11181
9305
98598
3080
97989
53033
55684
9114
37818
29059
12741
19352
11421
85631
29348
8648
24052
24710
86977
5796
79089
2137
55496
59684
57154
58488
32767
6076
92747
22017
45165
12762
64327
89319
97956
31508
1775
45876
38143
90438
56715
60344
37836
97589
80676
83837
96535
38954
88913
51141
58421
41165
43061
22934
59033
76886
47391
58338
21856
3117
3716
92059
93647
452
40024
16635
73244
82316
88586
36717
79005
37394
22310
7677
86308
95436
41607
94758
55445
22511
66472
36154
41580
16110
4433
49553
99633
44410
64973
60556
72625
47956
42395
31490
47919
80444
19598
80603
30349
95546
34777
25938
76596
98345
92300
19741
85832
46007
46368
87096
41308
82178
93225
82249
25288
69937
45205
42760
45920
3388
21099
39248
41884
49236
5075
65605
36965
76122
35698
41905
83743
77188
8872
79768
38207
21655
1648
45925
18616
28016
67871
76397
38263
61254
58813
47074
23597
34933
61
77771
91749
91102
42042
73721
24001
62246
87200
39020
15592
61562
40214
71302
77380
86764
55885
21469
40709
51556
66223
26745
28238
41120
56313
31500
8624
55355
43454
8216
65299
14337
80330
14392
36335
75941
12184
78143
8467
85743
64580
64776
28220
45639
37676
51707
48687
26918
25015
37229
4354
31918
99359
39479
36745
18738
25019
88200
77206
75224
51973
49793
72212
83929
82990
94416
20576
84525
5006
83967
43026
79794
47989
21452
35619
78552
43903
89616
64644
80954
29312
1857
28914
96087
14845
83873
56563
5526
18682
8110
88780
96295
15513
86823
95983
20608
18809
44275
68857
60343
7278
97512
14193
61053
59733
76206
41251
36044
64109
96086
93051
23444
8041
21827
32745
41278
17893
39697
49488
93741
38223
94598
55883
63385
73692
67104
83921
84410
34468
42122
4133
71923
25717
50139
80543
85317
64404
58199
12465
29041
95016
23825
55813
55242
46444
12110
89653
6148
34401
20060
72986
3072
19360
32882
24215
15693
42539
30133
36849
33584
52746
15906
59272
97474
52092
87124
51574
22512
79259
76721
30236
37696
72599
23149
2727
34871
41717
64581
28622
1045
21438
63808
41211
3203
69030
83824
48124
66203
58007
23601
85869
32081
50213
16243
41210
52344
17073
18694
11305
62
69920
35592
41547
3058
9729
65500
87744
81608
28693
12071
72220
28400
9994
40565
6552
15769
23468
67406
76577
88220
41806
59117
77502
28722
48097
92865
36124
38171
94300
57734
80706
82726
89083
90837
12686
73537
29296
95005
60114
63488
16730
80954
54080
48494
15575
51732
67734
26922
23823
32844
86017
13150
56951
19769
96826
99314
13094
887
37624
83624
71327
79488
34692
27580
73182
21837
10840
81248
58392
55824
15868
62246
3511
45585
51479
38986
35498
43747
20835
83494
67997
32578
90497
15204
30779
14118
49485
19572
85774
95257
43922
66415
16627
66769
69156
87406
45795
53207
86083
65367
64648
27930
22561
71555
51008
15022
13169
22549
69224
81641
29552
824
64134
47815
75572
24954
24256
74789
32397
12116
75714
65676
63089
1995
11124
68578
52562
60900
34817
95916
96521
78528
51797
17811
6023
74938
10807
71951
68568
42040
87325
52094
58636
61707
42292
22935
84985
67936
78965
9905
3714
64066
69375
57096
92701
36426
44295
46382
55374
60677
19801
30368
91981
1967
24328
59325
80291
74856
52414
96553
66558
79754
84578
40277
31198
91766
10544
91161
60041
51
21584
96341
62221
78614
92059
40704
10014
50867
32160
84123
33116
83823
35023
71622
20213
98561
67581
24677
66611
76262
64941
76139
50296
93641
37750
88358
67961
99839
82444
21188
11311
25611
8046
51205
72616
76425
36289
49109
44968
93892
37116
34530
9733
11167
9989
66499
25719
52695
55099
65063
9688
48854
43294
51835
23090
70572
8520
23761
84456
30884
53429
58805
24542
75628
26937
24995
5160
33529
83834
44866
68235
83256
36779
27034
348
53986
31652
68802
80094
62336
77441
10716
56522
74385
2872
77105
32603
19657
98607
27198
9199
28297
26642
5372
42614
28609
40294
70330
29331
38811
49064
92662
66951
1130
22969
82346
18513
78480
43479
32695
66150
75534
68442
72212
24879
89048
40913
75599
19994
1397
90083
55948
5044
43324
86502
56834
23014
38419
52924
31771
7119
1516
73542
60174
99272
80132
44952
55087
40797
92234
42172
87540
23214
41185
14127
61394
32621
12477
62401
52090
32207
88964
77980
37617
69893
57383
11810
18130
44865
19367
56075
87249
32380
49899
85896
29668
37578
68736
25976
20025
98422
16619
4296
37900
26648
37276
30659
67102
41255
54551
78584
26441
32114
18551
4371
17460
55044
89378
45805
59725
39984
90877
46829
37593
81545
94229
9883
57710
75912
63279
4431
52494
46975
20622
14407
4467
34977
11405
12072
71130
72527
59103
47712
64057
77450
98574
96096
434
85257
58516
8759
28917
98695
58704
57660
83981
77431
67715
62107
59364
26538
59277
44595
19169
9290
66542
5629
32754
26799
85894
30192
59770
39444
99902
76966
91978
39812
68594
42305
91485
95654
14924
9097
3706
35146
31228
66451
21846
45666
51216
83340
12295
31188
68637
4118
97574
65550
24277
48043
11034
42890
49830
39089
67492
30523
7586
26302
35842
22363
9568
94758
9344
41944
12191
12424
34000
96707
11970
13574
81105
8709
27550
72090
41561
69893
66265
45178
98767
85210
35096
61703
162
4987
38834
43835
66465
41116
21252
61517
94885
11971
47347
95620
75345
48252
9799
4547
21779
99863
10841
27636
61764
65920
7749
97473
21877
30512
10564
88076
70044
56639
78274
75855
88152
46606
9664
53725
97513
82851
6630
3627
67174
39864
4234
38104
74393
22742
777
81372
55920
40288
44750
82444
23337
8964
74151
97313
98719
76876
90961
90382
31544
76693
33344
69206
33271
84164
35009
83666
8130
36912
2293
6425
1428
94295
89310
4360
3505
89172
72442
57089
7742
35878
55291
59168
65403
63460
16581
62442
84044
88245
44352
54833
74263
1427
21800
49987
62620
81167
84227
48817
90111
72985
33011
69849
79250
58527
45871
92998
45314
73322
35860
15318
39848
39890
75569
63094
56154
8979
17768
90213
85252
74696
53683
96832
69646
50430
67236
58310
68461
21516
4396
73388
57876
60974
84294
52177
27732
44525
78928
61089
3795
5832
39278
38972
57148
10200
87730
62241
80588
58851
52393
68966
19333
7705
21883
16615
59435
16185
3578
33132
70590
94533
31019
10590
135
80704
16811
58416
16463
65274
19240
90708
15064
80749
24172
41995
28047
4825
69275
17848
28418
29636
61438
68744
78746
27370
15770
66443
88468
67444
34197
68629
22524
66238
50676
64156
14351
22877
48367
65692
42852
99468
68549
87898
81501
34813
59231
36312
22559
16426
17418
45051
97365
96717
15992
80630
668
83182
52932
3457
17127
25111
26930
76582
83174
38977
15519
34243
74077
3449
580
18248
1193
25125
23693
51763
3331
52791
39708
10037
31807
7236
8306
57337
34968
74347
23226
33303
29681
13281
97589
20247
92477
7850
58962
74436
51704
38923
10907
97772
69670
19650
2022
33169
82018
52079
71581
19939
89458
85255
57157
59710
49412
76543
72171
85233
6032
40209
15455
39801
76246
19219
80990
57493
7746
70320
13829
5279
2636
75953
52249
63311
25687
11358
71668
98065
56812
20512
89129
77229
28270
58696
99727
88297
28797
92870
50400
56847
58414
23555
42177
74664
13482
32065
95457
17542
68550
63240
28328
29267
17161
15211
71550
90824
1763
44170
35515
74866
17891
5283
39512
37675
53592
65616
8603
50498
34044
61080
69259
13312
3648
90410
9484
26011
4215
5732
46594
95687
16041
55768
12701
69143
62426
62543
49309
86356
85798
90538
18765
37016
77591
9225
90539
89743
78099
15942
67161
75497
10914
94380
90646
73907
77348
5926
43303
23690
87972
99150
76406
45210
23897
5485
39542
86389
34269
31723
2480
19163
62711
44936
51168
47357
23766
39012
27432
87991
23761
9635
5565
455
25855
50172
79112
11907
86194
54646
13674
3917
16541
77458
73464
8426
53307
44638
79687
88026
38423
73180
26189
52398
5682
23651
85665
51739
65660
27342
18509
77597
81352
87625
19575
87576
80540
33720
58593
14918
26
13346
29915
92402
32576
36699
14203
62960
7391
22506
94000
82850
16967
6910
91842
73334
82504
42543
3366
59575
62979
59782
56496
96551
94586
78163
48211
17537
66595
33626
42311
43480
2366
67055
96086
29875
93919
25505
61942
51096
50841
22539
81364
67388
30032
55315
25007
51664
27824
12887
76175
60120
39160
98880
39961
44961
20315
11872
60093
69756
21835
93522
6589
67614
47906
86578
13478
63913
6746
97290
23706
91299
11184
34105
78227
7926
39558
18296
50635
77313
41563
24623
26060
56206
45020
15226
63956
65921
11225
43600
99690
6451
68297
32041
15662
45460
50966
21515
23698
874
91331
61520
71021
76717
35274
45348
29620
26439
48674
78021
86700
36948
69319
16699
55516
55618
88139
42116
25857
87432
95899
11384
10897
8866
9256
79964
35126
17516
60694
55744
68313
13200
1655
68066
58344
59846
83689
50008
91178
96033
38687
61836
92789
25746
56227
78295
9172
85926
87181
80752
28721
78916
86829
56496
87945
30074
88973
73744
11763
21939
12133
75588
91678
47523
6273
73518
90021
4532
69507
42188
36144
72275
19538
25794
36220
26255
96001
71427
55719
40401
26235
16523
15166
47336
32601
40160
85566
12837
20330
97291
49212
60819
69356
31958
11719
46866
69476
16869
52999
57327
71470
95817
12682
73297
39704
37642
88183
58081
5778
59271
41510
52298
36012
6948
8787
98016
85638
81163
26607
42306
93949
13986
31167
11178
52737
24569
4189
22727
48287
40511
23370
55741
40111
18356
18829
93579
53265
23370
21992
77112
4480
13240
82701
48066
27233
42202
94985
67143
44619
23625
98934
81982
29885
88550
73737
1376
48050
90453
60794
90348
1790
74383
29938
70507
13712
82094
56828
30709
6672
22112
23574
3739
84046
28521
47493
16344
54781
1691
81061
48315
42030
68025
61034
46096
31040
61418
70226
66160
25067
62407
79716
68151
8159
77567
64236
53846
88945
90053
85294
87810
29326
57980
53520
73758
71673
32905
42912
91762
92973
59798
21471
71993
77767
73403
45312
89970
92332
41359
43734
76911
73954
83606
58177
47554
91531
82114
71849
53391
42563
79491
77317
56606
79183
24282
71277
80193
20744
36566
72988
18542
94439
86244
97718
65901
5877
60765
17140
26040
37414
11861
23660
11721
52116
30364
25378
64889
57392
60895
13288
41193
23232
3851
37145
73202
77738
62174
59574
57754
47170
12576
81739
12495
35069
3027
22816
86554
83002
47836
48002
99196
34574
34617
83900
23870
36161
42296
88017
74718
46873
43775
66441
20326
39339
61104
34323
57195
87475
7853
33447
83950
43680
27407
38068
82851
86572
25782
53343
40721
88493
885
43218
17913
80145
73754
84927
82575
80769
23061
38085
56826
69226
29505
49535
66661
73788
11409
83329
21240
50696
50904
47489
21041
38051
82081
76683
69351
32827
84735
23250
50237
19898
8541
77369
32182
74078
93425
32298
82226
78820
39132
9347
95731
55498
11850
64832
4235
4520
90671
24411
79225
58197
80222
97890
47802
2806
52110
30359
46506
29363
48485
44606
25901
49174
96227
98823
42475
78730
9645
34836
76515
11160
31688
65491
46432
36957
8284
51669
32652
35359
45237
77605
30735
72359
46546
97158
22495
68903
72936
42197
680
17586
52179
75404
33580
64218
25845
59878
43966
12980
66269
94875
43943
18311
93683
49783
80944
31151
31417
67081
4689
59138
84934
34871
30157
9243
32460
43084
29776
16260
44099
25188
85008
71377
77368
8541
78031
76271
69394
58970
23539
42150
82885
88900
32566
97188
48822
66277
82274
13066
55005
16264
91594
23424
9625
97034
9071
86457
8064
38773
1911
10411
35818
52379
92390
34109
22023
57333
84425
72706
79783
18433
86528
39335
63438
6578
73719
23219
66930
90500
23811
36883
97399
20000
95605
6929
65728
34221
78976
35399
11670
47332
46343
22047
10413
79236
97086
55104
26452
30399
19970
2326
41817
22453
63741
74906
14156
9637
98105
58984
2039
91278
97117
795
86110
69479
42018
31472
78211
86545
5925
60064
2984
71221
18422
7177
69188
79025
80060
58110
48841
96744
87623
10795
6311
56582
83027
46328
2662
4035
26076
4794
29765
57789
8172
91041
64852
16187
85509
17393
32135
43179
19105
31631
13273
16580
68024
23521
95321
10858
73325
27709
8325
85251
40696
36624
79912
91380
20710
77368
24946
77371
47277
33295
14972
98762
38810
24397
49548
69190
46966
51294
97702
28892
15965
32478
73590
32629
31529
78319
42640
94937
97103
9384
83960
95239
21368
63045
77625
97207
66281
9755
39135
82157
54193
73712
90976
23874
79300
89479
28140
11546
58585
56568
574
94411
78408
68521
9080
7984
32850
10197
75459
43065
95300
7766
23539
46546
26332
52305
28356
76688
15872
58635
61929
54524
82486
53222
60656
87281
71671
23115
32819
20894
21448
30199
19135
42251
7725
3893
69807
14625
92389
65115
80548
58709
92736
73034
56266
40705
72333
61477
52344
82428
7680
43008
92326
1223
18544
69413
53209
30782
57396
67254
32311
38267
32501
25508
27309
26030
51599
17259
7966
58966
35836
81443
21027
35249
33359
62403
2492
24106
71199
75882
59488
25143
28459
38298
25470
79015
52065
18486
57239
80959
66876
46096
45803
58852
49510
50576
84253
64903
40157
81568
2732
39454
21022
67436
67137
18830
11225
7294
33604
2655
11811
50038
50498
79855
76294
62402
79050
56902
68344
79479
19889
48795
90553
67649
15881
98493
16323
38691
3185
32385
88757
17442
95357
22334
37702
11707
1892
87982
98020
44979
75595
39774
66321
448
1847
23506
1374
68670
32674
3269
7762
89770
86222
89591
28898
27581
21723
49183
30937
45067
17269
81641
41335
1789
39027
52115
3040
58221
37633
67241
1635
9481
93317
64853
21523
92691
76553
89728
75047
42639
14843
69987
25110
97147
55778
69851
59932
71343
60881
78816
75067
32058
28086
63167
59527
52037
5699
19199
18191
8593
75904
94672
96547
74651
67243
44367
22066
35074
51565
83516
8105
69326
72703
40364
35724
28984
61736
80604
39832
48650
2733
73947
55826
45448
84650
95789
82514
45709
9007
23037
41877
36057
62056
76186
23442
22758
11230
68857
95650
97621
43156
18889
90650
19627
49725
93948
26002
89396
48727
16658
16184
61571
68910
83947
84756
23753
77206
55147
72916
68977
16081
30211
39393
48905
7005
32190
61615
85723
11211
82539
7643
15940
98259
42799
85038
10402
32133
21732
95460
75115
4207
68269
9907
42508
74620
13167
58789
28766
82476
77061
59967
87960
90795
90552
75229
33016
53543
16913
25586
80058
86301
40345
93086
50263
49834
96623
65982
11940
1993
56821
24515
7013
52871
84291
88973
74407
86622
14334
38040
80145
67977
93888
31898
34665
58031
79880
65416
52741
72052
48724
45478
83454
30564
33596
71170
55078
61857
49556
32053
92979
60247
42133
82736
47392
52609
13013
78393
42683
60921
62436
97071
27963
90054
64236
54703
39444
7344
77846
13713
57179
56116
80798
61774
55422
96478
10992
28354
40017
18059
46044
21803
55255
67371
1680
89462
35932
90124
40386
95061
73967
27400
9394
91106
86985
93022
78406
13242
55210
77769
60412
26347
18174
83422
51514
46427
78232
9893
48862
41500
66924
93115
8763
25431
1738
14218
38977
841
63125
43854
77204
48897
27407
86964
76619
51208
3290
86956
29032
20482
3861
23767
76384
73730
84033
18309
22263
65293
5545
47665
10524
91238
26658
72068
93440
86799
30544
89326
99822
28827
13302
79149
2244
10879
48717
39120
25368
37211
37808
32451
89634
2179
23704
94450
31756
61376
25034
19813
57767
44270
23480
20566
38294
16304
86494
48006
45232
74565
67586
33309
5515
63399
70133
19795
47045
54491
51611
33750
20987
88045
92113
45459
50375
80961
78135
94796
41055
76423
4432
41739
82181
75273
11693
99542
13885
53072
15318
32707
1945
93661
8945
27056
4308
70431
40987
22726
48216
20242
46693
13101
97627
69774
98391
91660
30820
96722
36320
35500
8959
74343
11088
81261
28761
11191
92288
96187
8862
58406
6178
39204
24355
98343
39955
44491
98416
50827
49398
73558
88323
95956
29570
53653
3535
50059
71364
30793
33337
78325
42121
51488
79821
41271
70513
85119
42254
91551
35577
12057
34572
90385
88129
22870
17431
59315
96508
57229
64758
56111
3533
10744
11592
81261
23675
26464
2045
10697
33712
50463
35914
89050
77534
40106
1778
98557
62163
26812
69672
87137
58958
89390
40065
57181
79450
62167
47709
9601
60322
88568
33773
7749
2824
61663
95137
25649
15613
19617
46593
8795
99705
85599
7713
77396
92384
91205
90066
152
48261
91654
41848
2601
16175
52208
55674
84587
77468
79433
60888
80124
6759
85977
46156
13060
39558
29015
32487
62081
94722
63539
16041
25117
38723
18313
73326
6267
64699
27332
5199
40864
38876
15764
99452
80927
11516
93485
25899
52176
51110
4994
55139
81476
92119
87458
74519
22582
19514
32349
23181
57242
83144
39002
12633
91853
97221
30602
96178
78173
68799
92892
83783
36502
73903
8576
23140
76438
44990
56693
28967
5595
54885
23837
31416
63407
48477
38442
33046
89035
19149
59219
27674
30660
1507
43026
77683
17907
72659
95728
88754
31225
5083
7520
14772
29970
26292
13770
90502
71839
13131
59834
65134
88874
3139
16679
96420
40473
55459
13418
16351
36532
60723
80249
31088
22596
53356
82204
3195
6761
42355
80156
45029
15245
74892
53201
63813
40839
99550
20294
80878
9323
2812
28349
10844
55942
23416
68632
58574
83907
22164
25729
42281
78729
38733
56099
24877
11324
43910
36031
29811
40515
68905
52552
58486
45096
44511
20418
54145
79165
78226
47885
54335
96589
84311
11033
67968
56286
16944
53410
82575
40134
93530
6058
30442
97248
47888
22570
54651
29908
66835
95745
67517
28167
79199
13516
1637
15740
6250
62225
34407
14791
7957
23229
69342
40891
95259
38729
37958
89554
87556
62213
79044
90124
6771
27206
47689
59197
67666
3553
99596
43993
63657
88722
90949
24620
97424
84118
89378
66981
70312
28837
88677
30104
63917
51026
55469
84917
32060
33055
88806
50006
75157
26927
64839
62953
75099
14837
94230
57266
54563
66276
19983
3000
55596
44808
30544
94005
35337
72155
8312
70938
85135
24424
56360
88516
47018
79573
21727
74678
96887
31756
65966
36101
86149
31582
3623
63489
28872
56770
7846
59749
52761
23597
57131
85233
11571
17000
77218
30916
70067
82343
31371
84088
9198
83793
27754
44626
29370
26532
55750
76217
40496
75194
13421
31700
90853
42839
50390
13285
44429
85581
20169
63253
65433
31300
38860
95362
9366
55851
76555
22113
92826
10955
13347
93974
91146
60052
5258
73000
2471
21872
27945
57273
2782
51485
22014
84213
5876
29004
67300
84042
42262
82662
30578
31386
2907
18372
85683
57676
62146
23948
4702
18353
67563
50758
61733
42689
64470
60104
70654
72192
93662
72801
86169
39112
77825
18985
60850
13298
17358
88555
90319
89919
61600
95707
11054
97355
87083
33203
55254
35895
51459
98615
44959
62071
33774
10577
63718
33162
72163
27298
84340
4505
612
86132
19582
11142
49495
27565
53015
2999
20907
53120
94882
50196
62688
88233
58505
51542
71917
54182
89945
28901
93987
52179
43269
1373
46170
11481
56223
23205
84914
9025
98420
71678
15141
96308
69818
26850
86462
95263
24369
13536
43988
44911
50720
63226
20974
9137
28458
60665
97941
90395
64883
42454
92186
44354
85104
60957
56972
2909
91761
29936
2187
88053
96910
83090
2907
178
36114
80052
81836
777
84436
67245
24404
37115
3529
32932
76131
74789
26808
75597
16684
50598
78279
64338
61859
20043
54464
28618
34929
2194
5116
76898
94448
85740
87040
77684
46889
21966
52731
98589
98923
62877
98260
49342
43772
66269
87652
43918
41973
56920
55568
77062
74758
31517
89035
17898
19711
95207
32298
12230
87304
69761
43474
20048
44098
75492
34836
44287
35969
1519
16706
86488
73415
1240
33291
21862
24268
4975
62955
63241
7785
77424
46965
94371
80839
72764
25333
12392
32289
14730
30102
62599
75055
39006
21537
3105
10647
97156
66587
58721
78238
42821
98723
28541
57926
81856
78686
61261
48441
7101
36760
23970
44223
27820
95267
78030
4351
21913
65663
95633
50315
57504
18888
19453
15134
18741
75781
85726
44613
84558
5730
38978
35091
61009
44164
63053
39656
72107
80391
57864
98285
44312
68923
23906
13036
82152
10521
96628
20739
19586
74368
59511
8587
16399
55693
76650
11591
29027
21698
89283
88610
85451
47213
52369
57782
10869
85615
56109
17281
95505
27994
70337
15614
12300
69831
21476
64202
52497
49595
81354
96212
15675
84528
80580
19063
88239
83340
53367
39580
70025
92364
77283
36803
31962
90560
96028
28417
81414
66401
94320
80295
12637
90040
89018
11443
63545
84039
27449
69297
64762
5470
59553
70095
53131
48481
42371
942
95050
19534
7382
43085
32678
77366
80065
50220
99871
55714
47161
95326
24175
94676
67366
95256
46408
50287
57689
57525
87082
29447
72745
49885
89804
39018
84294
89903
23007
1102
75933
96010
11282
5750
99025
76643
35851
41747
2915
44736
52470
28885
53989
61633
59037
69455
63330
56248
79334
37553
75143
79981
68070
49478
38492
58797
58268
1940
60013
90537
12958
37800
59439
13376
90749
31370
8940
14740
60443
47307
20131
36179
71335
11151
33786
19255
38499
16359
3498
28583
34682
58199
69903
68119
2724
46914
19237
63077
30313
14092
90334
98224
53132
38132
69747
99922
28934
65930
95339
17043
63461
30419
60305
96974
22442
85762
43261
93506
88518
57078
26616
11450
26434
74259
88798
15795
53042
25070
7895
22666
64355
79077
53043
19886
40110
53516
49406
47206
96406
85877
2189
54998
72491
66749
40158
50074
46394
24930
53625
11795
45878
89583
14343
70733
25431
96696
43926
92344
62105
56630
45391
97774
15858
10536
78411
33021
59529
92149
87788
8972
77519
60356
60671
67680
17049
28669
77806
42895
2916
39376
76035
60371
5938
88954
77793
29921
27427
77040
50767
38483
1209
87619
48914
93989
93834
98006
12117
17278
28138
69066
70930
33107
91958
65787
78017
70746
63421
17090
58529
69633
1133
67944
27496
12637
51242
86090
53640
73389
14954
36128
94788
53621
40042
72177
91350
41124
67892
28886
51291
60843
29047
44295
9116
2491
13729
96266
21842
28054
95853
55801
37910
79067
39653
19881
2649
82381
55979
19231
45006
69325
26095
98200
69748
49724
40722
45434
57813
42309
63222
31746
42433
11862
86612
12382
27351
88072
35482
1331
9811
24326
98475
9015
91809
29660
67345
341
95750
28565
85213
77577
90795
35669
44573
37112
79044
60299
46842
54078
87627
74880
79143
73013
54586
46762
82250
10212
81980
85540
65250
11000
72608
23156
66967
76037
9210
74193
64469
43115
95382
26837
54611
30363
52698
29107
46094
77061
26025
59356
92786
62068
1459
53304
61275
98431
80798
61061
7969
79367
95606
98106
34418
57047
2120
90662
31733
21752
92335
74437
75767
12905
19322
37251
44090
26815
83287
62926
67361
57927
226
41443
83329
61045
1143
19872
87839
66256
22439
18910
30662
50272
54594
76139
39555
68743
17585
38525
78990
70632
35928
27442
92764
29698
98237
18509
55205
64776
84619
71407
74587
96060
52065
21087
53454
88601
74267
74502
66889
16308
65214
43438
62481
79799
8276
40367
68437
58202
25456
35357
62667
35654
31894
90848
69816
18034
54595
26187
78116
74756
95102
10249
37236
15233
59421
29917
51502
67537
32935
65468
10475
50615
58628
41206
49327
32055
49214
1411
62328
489
70094
47242
13632
6840
3175
92025
16218
29481
15113
20755
61630
68035
43771
13378
80629
97014
51370
26670
26785
8644
46125
70725
6528
23395
75418
54580
60485
64383
60528
17947
7523
14943
7974
11169
33915
4718
59430
95828
38236
76600
55119
77342
82930
65575
25485
88827
12798
35279
37651
9168
59555
46444
83855
28358
10111
21279
35566
39377
52928
10018
27945
19376
17049
22352
79033
86821
68546
2598
35295
28758
64869
28868
84095
96887
54301
5476
98335
59016
17737
97904
65937
19337
78480
18753
69021
20926
62847
6557
8900
25455
92767
23178
77791
25501
64598
11527
13695
17883
72506
80184
80330
23026
78995
27978
51630
17891
42591
54667
79587
779
87222
55848
73161
58229
43953
90479
98116
15423
36253
58235
42557
20720
46954
48575
94482
99785
67828
16605
2308
79963
70011
52592
99576
65287
53774
70330
80515
92035
35866
18517
83059
32017
76517
28040
2724
88838
6896
31353
36903
11524
75405
41671
18081
40071
93877
46093
88570
25351
39161
22837
77507
52362
34609
25136
97312
58433
86799
31166
73757
91088
66858
29464
713
31346
77260
76428
33019
32103
97081
63587
54218
78495
20889
74832
14541
55399
84550
37052
24803
33539
61710
96245
19499
89631
30826
98368
16918
60131
40536
26705
95181
75216
80985
57258
22739
57492
3443
7183
76875
48481
8012
41743
14925
42368
14900
39009
66990
84985
76714
18247
45992
73734
20702
69400
87195
79619
78463
90630
21912
44495
65926
42544
51388
41224
87447
40720
7629
25959
20872
80095
82273
64853
26319
11578
17620
81109
68044
41499
45030
81240
77320
3713
20988
68896
17320
66841
66205
3486
12405
48117
27884
31602
66097
36757
7802
80509
21989
53247
83062
8365
90895
81204
46595
56982
63009
32927
8884
50764
61757
81276
40695
2851
81529
24785
33498
98875
43162
67756
9916
91581
62959
29626
27823
30555
60772
52535
85798
7680
42562
76580
63263
80295
92546
32195
71107
28514
11209
85252
61357
92995
50673
51822
27562
80426
73362
2001
29161
31883
93607
20140
33325
69987
27588
45507
61052
15000
7221
27578
11706
27776
87395
70970
18974
54842
69308
74598
91930
47572
85071
24989
43687
77770
45808
60935
95757
30882
4089
62005
64162
35114
36906
10660
82617
92849
63119
47907
33081
40339
66450
23328
59360
12536
71469
43125
19737
72865
18603
50204
26472
48884
25386
71112
14579
192
19354
54742
52595
14885
84570
43308
63949
35030
66879
23144
25036
68745
70831
13418
56819
57539
85858
68497
77444
37925
91696
60779
36856
8747
92297
38038
5612
79043
52337
31792
71517
6523
6642
58016
76021
68943
66889
54121
46271
46578
66856
40809
9307
91703
46165
79169
75095
9771
21926
46775
66477
54798
80799
44471
74655
71222
64561
47072
78053
79737
86359
3172
18558
81684
74931
87987
65256
33343
68181
58746
75859
3667
14585
37270
89503
19754
65700
76246
58482
10247
78173
97703
4642
55437
62469
78450
6558
83676
75616
36898
44008
50635
11814
99979
99930
69971
95347
94025
32009
5349
48217
88462
94093
33842
57303
68418
44241
24699
95224
52779
72538
8063
88127
32941
4993
86824
34737
61413
40166
39926
52182
55990
10744
64170
24024
84550
69202
38688
72087
77329
56686
61702
27212
17581
75416
53411
10786
76495
5039
85454
52581
73344
22800
40368
43119
5669
65225
85890
99798
8612
68432
33779
11794
430
66683
82942
44851
39110
16782
55370
31914
27843
13073
16610
56235
7
48797
4357
85470
88521
55907
4204
48809
86058
42511
93093
46288
79723
98180
39541
49524
46579
12180
89730
91983
52512
44599
82481
70426
24060
22165
40318
16661
47628
90763
99788
22659
56555
71036
16772
48395
17266
93522
25534
45384
89278
80086
27559
18577
75761
28718
31056
16916
28272
76538
16050
98421
40749
44121
79849
15270
5979
97427
54233
40231
43652
35919
67540
37070
20262
71727
99958
54901
92848
11104
16831
36791
92773
47990
30273
38846
48240
98106
88648
70117
40082
48966
8350
1619
57761
39416
1218
81744
22153
88498
7511
18056
18611
76879
9842
63634
15674
72441
55118
1547
11139
70332
40039
14380
44073
13505
31104
3186
98976
53291
9440
16414
25474
56332
45549
46708
55882
79619
79649
72699
13148
99905
5327
25082
74582
48554
27799
76637
27407
95235
44805
48976
38207
47597
40315
76078
56447
5028
6867
93194
6131
20862
98823
81497
40188
7482
3735
14616
98004
48438
28201
56965
14665
70138
43250
10336
84931
41226
7650
22381
80736
61821
71093
88752
70298
89270
74799
413
25001
89270
66437
87755
69238
85316
35279
68259
27715
78991
39102
29134
50986
55969
33886
75919
71797
7089
42341
34898
37264
90163
82784
56974
87375
14431
90310
60723
42971
72080
7535
3904
38349
2264
47378
38809
40589
25792
94098
72081
56123
70067
38060
48784
42534
36068
19403
11411
98366
36902
42444
78393
51442
69327
77074
5729
98479
43563
54460
59156
83360
36632
70498
27087
39420
81148
7813
69913
65621
56637
60763
90117
33632
20276
22074
22890
49298
34180
49654
1331
72258
95545
8745
79547
2767
23862
29314
59170
64919
37159
33099
58688
71273
17484
48229
18916
55265
10118
13522
26538
46368
17518
99414
58965
11504
66777
47862
32859
23383
20032
82041
10509
65637
52768
99973
64980
20836
83104
79649
66359
47741
69943
47407
46099
5104
39841
19995
29429
5410
21666
25921
93458
35656
85508
51715
44320
58002
48147
7456
35181
25583
11023
27153
14078
72659
18016
95887
85670
80903
26867
95353
42905
41631
98214
13119
4467
42618
90651
44365
19536
85622
99143
65876
52079
43912
73345
79846
19273
99922
69218
97597
73801
37474
54493
71345
29617
78239
46009
7006
47817
85781
77241
25411
36814
28404
35758
10427
4918
82722
62380
44702
3895
47223
76490
79540
12538
65514
11790
92935
2524
43889
67045
88548
76981
30691
85860
223
80348
266
58067
86438
6982
50138
35839
98323
45080
85932
30275
63809
61320
27827
74436
14104
18461
36281
38952
96234
72084
75162
41778
7051
29752
97555
40631
91787
4752
27271
38324
47162
34371
33898
56367
56970
6088
21700
87872
68581
11859
53634
46814
51454
76447
60570
88449
46156
87321
9673
86086
44809
39011
54598
19963
65229
94970
21307
70675
97008
42105
44672
97867
58627
24349
68656
72189
55051
97575
66123
29118
28056
78034
52738
37092
17837
22859
35076
28009
44237
58885
54660
26486
64873
63336
20739
11199
8439
79192
32825
45967
50383
66289
25933
3075
11606
6630
79258
32570
86010
39055
53395
54521
15108
64096
91347
11454
23706
7558
49420
77031
20362
39210
97610
89665
69730
79027
11672
40026
52177
44026
66418
12050
44285
67932
18172
55132
99402
46695
92275
61846
80882
47052
14033
89975
39987
61839
33455
4176
42914
17014
87396
50420
65614
63274
38287
21722
33082
27596
65126
91572
58610
78199
99908
39992
14463
85781
16969
22165
98928
21658
96438
32318
43373
85570
86153
60446
51218
41673
23922
57566
24801
52829
98632
29883
14648
13206
34172
32732
98438
33849
61497
88067
76286
9118
20930
34593
38412
46253
35447
63125
71156
1011
98796
52269
9566
42995
83927
11099
32503
42422
24025
14297
23839
34146
5646
37306
45029
73423
49061
64123
46474
59439
31335
33642
40202
61888
88090
70681
31508
53606
16683
87040
26768
73446
85913
75265
56996
6302
86287
29900
40011
88936
82393
814
29383
80181
89907
88384
27756
55491
97009
63353
17171
9379
43691
51069
42289
36093
1354
93272
6521
74345
2373
54802
93864
9537
97542
28458
17620
79463
63720
12682
11518
31245
75106
54926
89300
15745
79976
72919
71520
4021
39702
64571
25845
83145
18525
83333
28988
27193
46043
75919
48965
37537
50833
97105
38242
85167
49589
59636
87379
44318
26197
82161
47689
98198
82445
18013
21156
43204
52399
76152
91096
50364
54302
4388
81390
35211
25723
16475
62733
20646
80022
78918
55986
15731
28837
12610
84266
60340
42507
87504
63918
18702
80190
21514
29945
14694
2467
10107
22949
61192
58618
80046
67261
9622
22578
45676
2286
97272
83263
93598
18584
14987
62396
64151
95242
86137
9845
16166
93694
63208
43851
75507
2869
9973
14788
82293
19693
85673
35849
1488
15063
60765
99334
827
78784
16842
56151
24208
74930
89568
40046
44414
60641
74000
61541
6511
52871
5993
62195
72177
62389
82522
71694
69615
89977
46033
1885
78301
21342
78413
83510
2410
53706
81227
1613
29895
94598
97373
88823
90223
33716
63151
6964
88371
93135
14243
9551
15088
82552
53979
12518
87008
28474
80255
95071
76143
52278
67455
91733
72531
27206
6149
38836
69743
47867
1709
63635
97706
33024
19174
46882
6272
72171
35439
98387
36899
45692
66142
77112
68765
74935
3700
99044
92157
11401
61448
61832
88970
36937
4442
28918
51947
626
2725
12755
87831
46924
75245
78798
37117
90261
42845
72780
87642
27729
53035
66353
65536
37702
14258
2996
78580
27837
22237
34205
50162
5459
67248
22746
5586
300
61626
23010
26241
79629
47350
23292
32329
78791
22415
34343
19035
82415
35363
19077
63918
80627
19792
16603
41791
79398
32514
61230
7857
48633
84835
32516
20320
86586
19372
51297
35865
83142
5850
58447
96955
75272
57246
48596
28160
86225
7706
64628
22568
95845
58394
23630
75672
4572
57670
25887
63929
68706
75823
25908
56644
27498
46984
97989
19140
27909
92397
3696
31967
8141
84632
23734
38636
8052
280
95483
45819
17679
63711
1759
29313
31507
1300
9115
8472
65533
49408
52266
3885
33005
58316
91848
67294
75315
23071
29541
54189
86613
67710
76936
76583
96087
99543
70583
61918
83241
83898
66702
85879
16675
28409
67296
44004
79852
66373
84076
60543
74936
56599
44827
75509
88886
24306
26498
55104
25863
66342
12948
73968
34558
36479
77652
54709
14888
73169
82479
70271
99433
92395
7967
3376
92236
36345
91125
61574
36453
82689
42713
15328
23493
2568
81641
32887
41863
96776
43872
80640
7904
7904
25417
67738
5680
777
73191
87006
81952
71620
29765
74751
46204
15326
62628
89811
11917
33402
90882
47889
57606
85800
74229
60230
14479
54653
35112
8309
82229
2486
77076
8361
69824
70332
6910
95593
38271
63322
52394
79369
13424
72111
57100
86675
64439
56517
8022
94788
27128
88728
35555
93123
91521
38976
63563
99358
99809
75339
82933
10231
46249
38460
52252
84333
152
21926
27739
91503
36229
18420
95291
16780
16935
53347
35459
95738
23425
81428
40646
68049
95974
38892
49038
24000
60536
58952
9871
90500
52625
83073
31457
40654
79628
33578
46015
3685
41063
43696
47074
66912
14758
46723
75623
71921
18678
22454
77045
82458
36649
46718
4461
58503
41396
96189
78869
3701
11479
53054
72043
82761
8490
63967
43465
51814
50218
94815
25228
49609
55318
78733
81514
55737
95450
63195
65113
40349
19192
99450
71691
47136
64431
46271
94289
65073
25312
98933
4020
91090
84020
60742
26580
96430
64202
6306
6600
63751
99330
49157
28346
52786
78352
81346
43121
36023
31626
48566
68575
48518
84798
18247
25107
54699
27834
31224
52089
95393
65375
68752
8999
32154
84985
82042
68411
28207
80922
6663
83013
90621
91834
43861
28354
75773
98360
35523
28500
69272
92566
11255
53951
39575
66213
66208
79077
4581
17956
36171
90303
34760
15661
2235
3636
43073
98466
80282
45102
31448
12213
87725
33397
87630
15742
40181
4249
29944
85633
26184
67586
90911
36645
74536
73872
41990
70887
43464
33587
51104
24464
43599
2058
88420
89693
13534
69866
34070
63626
48537
78379
76402
76330
69590
63683
8773
81851
28612
94379
15427
43878
64383
2354
59335
99857
40984
34282
87509
83022
55893
7177
81653
33281
6218
36120
13186
74152
20232
91431
85362
56613
98505
31240
75758
94957
38648
31942
85856
93432
32665
59090
14789
59008
65740
732
9203
18560
6480
23732
88393
31395
25427
90245
68370
92705
67125
31719
10772
51064
71214
77798
74076
85156
55377
85880
79254
52724
33723
29099
95134
6761
3899
26606
1894
84010
4704
20510
62915
54841
37045
31947
12487
12634
93463
68894
32072
2808
72732
62522
26961
49397
56118
76034
8313
85278
53910
56195
62106
55627
90684
79306
96266
45299
729
30903
44263
32874
10907
79671
42190
32845
14113
55746
54266
80586
94364
48314
3833
26731
78430
26581
42700
43492
94185
33176
18773
89788
56283
58012
29607
95406
90421
73096
89645
60402
11693
8372
19743
12083
65115
31326
7174
91786
64480
33634
62252
10976
16680
91723
54419
9531
51120
10510
43908
55002
23795
46399
30671
84932
24735
49923
60398
21085
30217
28712
32214
17047
11568
15564
57245
66814
97499
62127
46487
3205
30100
72200
40960
51533
30402
47674
29240
41740
53851
30085
50925
68895
97379
2839
89962
88576
30848
52057
72721
55485
2076
25572
8558
35753
16567
20815
73354
62184
58477
70974
76869
47369
1440
84069
30237
59919
42492
42958
85956
42189
74312
15794
23719
77218
67159
38356
1514
84536
96869
73008
52034
99096
84331
82733
86391
69692
16069
52152
18684
4509
58940
42019
22326
21850
51216
13162
21859
92870
60168
85201
90635
97846
66149
52969
16003
60159
54358
94952
27630
20845
98162
51172
55442
2615
61438
25614
24255
60298
43018
66795
5621
90956
12951
86367
35079
79056
9335
88197
41531
77515
68427
97173
35719
30084
74768
31803
73249
23828
38432
8223
16577
88436
73579
49160
1348
54815
35952
40716
99303
71983
48445
74159
45389
4103
75255
27341
21770
19545
36505
97782
73343
73081
45258
74356
85445
29684
82377
23709
46323
51250
85626
85945
34165
72691
66183
98500
73590
28809
40330
10448
11982
12057
42917
91915
63956
57612
31972
89334
50081
19192
15803
58742
75140
63200
76350
73466
68967
62983
80907
95099
66230
35992
21034
37609
96811
18235
65623
89644
67314
86913
23002
49478
7790
47378
15026
51431
34142
19273
75835
13353
94655
15355
86698
28068
2089
33630
84860
28997
27022
4075
35215
30701
46975
17804
53263
57976
51908
79097
89715
32901
86925
20682
83588
4624
6900
40423
98227
41722
44532
69869
14508
89955
45386
43325
42504
40537
91788
46461
47933
56879
5171
93384
83320
61245
63357
7836
48565
48642
48759
29928
83005
85282
52401
31967
60057
9439
62869
28178
6258
49115
60417
72109
7108
56949
71104
48699
32209
1012
11556
75991
69305
38189
70607
38421
8019
31703
67447
62092
43145
23256
35048
84705
2525
9754
98606
27555
17927
63706
3022
41406
98582
4307
97962
19756
31974
70450
49647
24420
55541
61170
60585
22429
37656
81147
64501
48059
86426
95329
459
59270
60377
17951
64132
41883
89576
93797
84059
38306
84762
85246
10329
66961
63512
15768
44463
21191
15143
51907
35770
50204
50071
78707
79873
19223
73964
17846
75754
84469
83012
64355
30788
31549
25638
44422
20950
7920
78960
29932
1392
8244
69345
32154
69158
66304
22261
21779
40882
5065
19560
43342
38964
50628
93136
42689
77517
5723
33689
80919
53025
24808
62917
59909
59940
65377
76093
19003
64926
22256
86982
50797
88191
70913
7812
96381
78812
59493
53728
90228
83953
65856
53369
32550
46749
76378
68139
49632
48389
78410
4958
9973
38674
43717
21445
56837
7262
476
43543
620
64746
30249
64719
42714
52148
84169
81192
38738
94249
13967
9817
61909
88879
53680
38473
41576
68818
58973
1461
41141
87110
75222
28786
2998
11303
30000
31116
98969
40170
12326
83742
42306
63264
50011
31771
37700
85315
81337
95976
78415
49006
14894
86120
2164
86057
64828
34893
95156
64742
44091
5095
1833
40412
20821
30954
30045
54339
46034
46390
61700
24587
57511
47624
65325
48311
22045
89610
15886
44318
3439
11069
79463
83015
18519
16344
53902
56267
36107
53395
45357
16607
96417
10526
55619
82850
64701
61702
11566
23934
71620
37032
10940
99102
25884
88976
44495
66193
27333
73958
94284
92791
17652
26899
7163
15961
56209
3962
19176
50885
96450
61734
69718
13878
91718
62337
12073
65140
23608
70331
6054
30879
78955
99840
73101
92760
64525
88985
70198
86363
53036
72670
44113
44932
23893
1356
50117
14173
50485
69383
10847
35575
62667
78460
87965
42552
93546
3203
27505
57898
57721
57211
39811
18918
94101
8791
52660
97087
77607
28507
48087
93610
81081
75866
79005
79152
93210
96166
60523
84743
41173
53955
75860
20974
58097
43389
61827
86123
77663
30590
83173
65492
45799
89115
70407
6644
37802
27456
44073
21734
48705
34994
90801
49396
79489
73068
32202
92311
57979
56795
71917
52069
20639
50979
59131
15211
24305
99439
82476
50124
85903
37998
45570
2174
25584
26176
32413
75477
75021
28399
38860
68489
82986
75133
61375
58979
14600
85634
8439
10079
65836
45931
66803
36974
35108
47580
98710
42304
75802
32775
78343
66627
14046
82039
93107
41929
14519
95349
9603
70265
68029
57574
72450
56886
64784
18156
28478
11792
45291
26056
53102
80088
30440
34910
51259
61365
26068
30728
61155
54449
46184
95425
11760
77367
26943
83797
11882
89049
68137
31991
79841
15636
84776
84429
79508
54127
18775
40420
60253
85089
14392
52289
93614
81888
43066
44696
55917
33654
69091
23244
78557
81509
96409
26895
34744
23921
87560
53980
2164
39188
41148
81995
4097
69151
76667
46153
3076
78254
22980
71727
77904
97374
36580
215
92447
49378
82948
72132
94157
78839
40696
96799
3201
83584
91179
25878
39219
33179
90365
19726
12229
2398
98906
20005
76705
71282
84727
8785
72620
30301
1217
88964
58706
14216
6
44290
51586
25594
45568
29441
61874
20468
76978
81699
18710
81430
26185
56108
48859
78120
47697
32736
96078
4091
59165
22464
66004
78309
47819
46005
68908
34780
731
95125
27839
37193
11287
74087
96859
28223
53985
39978
63600
59991
14996
91970
47344
67575
11960
2172
51224
62515
2887
58694
92553
63277
75039
76662
68575
5417
4285
31405
91667
29159
5541
94152
85471
12680
87307
34585
15075
64533
67910
35556
33415
83338
94732
18907
31570
84634
18728
9841
91186
84256
24996
13489
82933
66965
11295
50660
45031
43888
22794
71911
69249
61752
89742
8098
67273
50706
19997
92694
91391
45961
49105
78559
9348
70714
83902
92079
74400
78840
98841
80116
87685
78563
12362
53826
67829
78594
82259
68441
43034
38575
4798
5770
34356
99587
58483
15142
75531
19662
48680
63178
24674
84538
80816
1296
83262
90148
56893
68089
95737
9138
95008
10513
32516
34635
60896
58315
89540
97474
36484
2521
57060
42427
39911
32660
23133
42154
35942
62512
4416
12427
49280
45557
65707
33573
72883
49752
75551
67744
18076
70085
69299
8217
57867
21426
21281
61513
24488
12297
61058
21548
4914
26676
12499
55808
27691
80721
25751
29388
65437
44981
52584
10703
64723
7339
90372
24426
32099
38915
68182
45678
75375
43283
93776
43888
15059
84528
16108
86426
26610
9836
64449
42165
97047
32564
13863
27369
84796
39183
75694
22780
85303
21595
98952
11243
49818
60635
22739
35190
87861
89689
75908
59188
37071
7143
56790
50826
70886
85194
60368
19279
90475
35432
18444
49833
7565
2478
89216
66506
75133
78419
73286
57900
33682
41806
61086
59683
21830
75676
60107
89608
2325
33940
99863
48180
44539
23946
12914
19221
59938
292
36539
85521
48276
34281
3699
98127
18872
38271
5869
79234
36724
64752
9266
18002
59022
31800
51228
46150
70519
39700
79026
61960
94210
62965
18037
66583
52617
96413
97824
73971
40810
57557
19705
3003
86978
11439
35455
79679
74627
43661
77686
57221
15659
75035
96289
9544
98348
15678
6300
32590
27475
46032
19961
75536
91902
83996
24309
11877
97886
1179
98143
14023
53038
73311
35561
2963
45717
23198
73169
80879
96786
29980
55539
5409
43706
99798
7226
3576
15252
18516
64494
45899
51109
97398
65199
88479
82071
207
18250
52739
31963
1731
30595
39912
26004
60306
97589
17519
63067
12553
3047
34663
69694
22825
88370
75088
90368
95910
68308
1881
20849
45304
70157
56875
30030
73370
38137
54321
23850
92649
24002
64859
49639
56692
12700
76066
81381
69254
5986
73253
2001
58835
17843
16822
818
26135
29167
50010
46139
62544
18207
19647
77130
25366
55594
45472
30917
71270
93081
10788
19461
83336
31905
68621
75101
25509
16483
55122
74361
36182
309
62076
27334
99054
66142
68449
93662
72277
81509
7505
50692
39033
26268
91678
87041
57605
63633
86666
9401
36904
8746
67575
66298
74539
41771
94943
67368
451
62925
28488
28014
461
66100
36696
78417
65790
85152
18722
51676
38514
77974
38234
82698
52891
23407
98877
85288
61397
82394
34014
94199
63805
5936
88960
18075
24218
70
21139
5191
50665
65726
59854
87721
75829
34063
89813
97228
87517
94048
89045
66912
81567
12278
47165
6628
72312
2123
15999
8080
84815
21997
35493
21670
34972
37400
6780
68618
83463
63153
13904
74331
12455
23642
7805
69554
80623
87019
79622
62511
44063
58669
56547
70038
24290
9143
33424
45842
36165
29943
33524
47301
18803
18406
27094
50257
65047
22461
70149
1273
36099
7418
79434
3590
14120
40515
55617
38014
948
71206
31923
56659
89657
60536
81486
12595
48988
54092
21755
53982
1570
27468
77017
85182
18209
82075
36444
13090
84444
