2016
66350
38131
75612
82659
25290
82097
23517
24303
34474
61785
2241
73081
26426
23790
22289
96700
94624
52810
52903
67849
19867
64841
88895
81717
8305
89782
32460
72973
33751
46631
39238
50926
68229
72215
52092
91832
47456
71088
83350
50179
40930
35467
59674
46201
69734
31204
10315
58349
97071
15228
70168
19259
26321
77428
29961
69646
23691
96211
40318
82918
35130
46382
49166
37184
53037
37594
66528
19014
74609
41588
75464
33747
76656
54644
29887
35454
13010
32551
64940
33942
2717
4862
44926
14423
80434
80688
35940
694
48639
64280
36153
95802
82478
72498
77513
50909
62178
81181
32720
95139
95829
64376
34105
48443
7793
1259
3328
73816
98755
90649
96631
20902
39693
21055
38981
18032
41288
15709
5256
11859
7880
78839
82416
17215
3569
3295
53745
70409
47343
7214
4704
74034
98836
15590
22575
68303
90181
87023
7066
42004
64704
26970
13187
64377
25760
45554
61966
15470
60706
32202
42782
91201
93777
41427
43676
143
13627
44069
1339
9518
63939
78523
22858
54442
51060
27935
12622
55251
91416
35070
89849
22786
70686
11210
38225
66263
82975
73392
29018
97203
4608
14537
78927
4774
29107
72348
90439
47121
86169
48847
46667
9215
46033
19327
5698
39216
43967
76541
73713
61370
12588
10683
93412
68736
3735
72061
79847
30803
90502
48299
87594
1566
33781
39384
26310
48002
82446
85111
15607
45829
25931
99984
78970
19236
75903
37880
78472
43227
9766
73430
56909
68087
52608
5283
79273
30291
42553
92482
58803
97418
83698
84675
73430
10092
10856
97165
92155
4397
39989
28507
82353
58326
43354
51566
86338
93977
25672
65744
73781
27853
79289
94884
52465
10756
16670
91604
99700
76987
57807
47158
15999
9147
69307
29890
84452
4555
15621
9759
36786
64325
831
67144
43580
97703
90998
60744
7104
83370
931
25659
19089
9211
67028
3800
97391
38131
34566
16660
11305
52318
99027
49297
75444
78180
46604
77763
32039
53390
621
93200
89148
76814
40475
71145
10085
48825
1461
20744
77438
67130
72569
96726
89627
77130
27706
73596
83186
29347
98145
80120
27596
52949
59699
4540
5511
3683
80184
16098
41588
9504
21830
25401
72406
2056
58104
3024
37710
83848
50734
4976
18990
54717
30416
5774
67119
24068
52538
60867
56306
4206
7791
75762
10586
94519
80915
56915
28661
18020
25854
55414
71604
97658
54968
44709
49244
25449
59324
11883
57473
12256
95282
95837
77466
69154
42015
13040
89521
73905
6372
16779
85660
27153
44461
33288
55883
12332
51847
8990
57549
69734
36340
19890
34912
56395
34268
31062
92641
99896
82690
62961
33306
64119
590
35731
63061
63247
8203
87956
13480
58558
12649
42278
6405
28222
11820
42560
69023
10236
16319
11886
87475
88049
50962
17031
31675
1685
42269
99522
35210
96181
63603
202
80431
75201
17536
4541
23617
15019
84743
38373
78573
21982
79558
67151
82432
53767
83989
17145
89864
59203
9769
79029
20834
29947
44338
49068
96709
60977
45298
34093
22676
49146
22069
89963
63899
42812
69066
47973
49294
64351
91739
618
79231
4796
42754
84210
53802
66618
71510
35732
62654
14739
79877
33962
4984
87994
46608
27113
24715
21382
36058
42506
49125
97548
77902
74947
31346
96509
29367
55737
77143
61448
62724
24917
80546
91019
82269
8335
33378
19176
5552
37420
10131
50240
62071
95895
84714
32863
72731
75723
22838
94671
30786
95290
41793
90412
83377
46232
34672
27425
50013
57004
15166
34289
77237
60124
73698
31557
92595
83037
79847
26280
44403
7196
67466
95384
74782
12862
5963
966
80829
70675
58307
70596
30667
35176
60486
1962
15965
30536
47450
82228
62875
56964
14800
2423
1519
93008
72274
54662
41373
41718
74638
78393
38171
78229
37139
91360
30531
99204
80572
99299
6012
84501
91749
71100
45125
25391
52605
99143
26712
86275
30194
59271
99298
83876
47227
53007
8525
25257
73576
75322
70982
59805
24214
20551
75164
13246
38492
34827
6073
64776
4754
21059
43310
80372
60153
67456
37644
62568
65518
80802
37352
5325
97277
36344
20643
64676
40223
92244
52978
25837
73263
29089
19159
88248
67785
36193
75042
12327
72261
68387
25433
9047
73272
37640
37220
10353
2728
10542
50199
35014
60814
79876
85107
36969
99983
97625
41696
46705
54523
11658
48094
94996
71745
91442
3884
36967
29111
22388
93696
15983
4719
70971
11995
29251
74450
17408
40123
97987
89458
98196
85722
96690
3814
68194
96768
30743
33567
38695
93052
12578
76177
67654
26464
80537
56948
31548
16723
29125
85316
99777
25365
19322
92650
49304
78636
27150
73460
97916
34372
87997
45422
36372
67038
70879
65712
80516
166
45479
29849
58428
3548
56777
2970
37048
4145
96572
50103
84124
47611
60348
35859
13986
65786
71971
40746
64853
71333
24878
56607
98030
78395
26357
45620
20205
90937
76358
83413
37272
75034
44550
44501
59664
81352
93475
37432
164
57027
76387
75900
90264
69920
22423
97795
82190
39024
71686
39128
86527
82029
65291
17014
33894
93588
10619
90292
15977
79875
9928
50970
29311
80792
15814
97446
51855
80110
16994
6252
40864
60589
69629
42863
40910
28000
303
61863
84825
12584
92903
85198
22539
14148
65851
98388
47987
31658
8565
80285
81358
80974
30384
17724
58086
71668
42058
15014
83421
51890
72415
29306
13524
65864
73929
41589
62548
44175
6657
35275
40995
4444
52224
70619
53953
92653
34923
77884
53779
76700
62119
55705
69539
77735
68325
7981
78628
56688
85270
53118
67826
86985
95023
8143
66366
24370
67701
65629
15521
96944
14813
74346
29259
6433
83438
18522
89341
54197
42189
95838
42372
22098
73972
60021
1805
64198
52795
38886
75529
71300
65654
37821
89655
34063
3099
80396
3477
33409
23995
92492
34593
67295
91705
67725
54568
88370
78923
68573
92472
31251
88745
82765
67720
30164
82273
60446
37606
67079
74367
43764
48248
11954
12219
30915
33759
14213
94415
88135
97366
50352
59824
12757
39638
34416
85768
50232
549
87330
96405
95693
53101
78561
18324
37055
6786
72300
5599
11532
26342
30326
33266
81666
95778
52319
7317
86402
25728
36548
63848
9183
71095
10537
70489
66235
76514
61494
88853
28228
91466
21522
57991
81276
60776
57101
23116
20922
74634
29250
74677
99251
76333
89212
71453
29955
50607
67507
56197
14308
56839
47768
62828
37685
41493
6212
97008
79221
23436
36594
67423
55894
6906
54146
57951
98344
52445
21848
29449
85082
89991
95239
66297
7502
87006
97673
85239
25379
80116
79766
69521
39549
97297
24761
2156
31479
59121
62707
53371
92910
32162
16050
74650
46054
33919
34187
2470
12404
38901
54290
79261
46790
24333
53752
73457
59300
84179
9272
37734
29090
39365
63280
6420
92979
57849
13933
5255
67209
10338
35262
17729
66470
42435
80684
66072
29797
63570
22279
93057
72883
15846
44396
34262
39845
97917
93439
50459
38795
43536
62183
38776
53936
83637
35148
65973
54945
89334
79336
76272
97586
43230
55120
63625
39647
83731
80726
15723
65370
1933
79521
3622
45476
7184
59447
49329
87679
52568
18942
89777
5386
90713
30276
90214
81456
66541
97031
57921
37922
27904
3686
20728
40640
23465
20260
57271
27107
88300
5402
57129
83853
75845
52129
13175
18964
15388
60694
79795
76641
61258
3590
37086
75712
49096
71986
71227
18671
43749
93761
25377
19035
75643
68755
37645
56597
26935
60114
38244
31459
80993
76504
15305
21876
25969
21916
91532
19826
40649
8507
68790
14547
39112
46855
33064
61114
11709
57145
90465
87856
93760
13363
59465
42927
49402
18663
22851
11938
74082
85789
58179
94565
66027
80749
1685
64174
12743
79828
63917
14689
89547
83131
21511
22438
79105
56235
89033
37744
84934
22694
21934
30515
37879
99714
18817
72230
20093
47721
77543
69727
67033
1771
59880
51634
14214
66920
78813
29052
76887
76970
24219
40646
74372
65104
29223
14031
29334
56307
7134
76048
18965
13441
32639
31344
33046
56322
77567
91092
13945
34584
75104
47125
62784
84086
89633
28023
28387
67413
61997
33080
48295
14811
30617
5008
25000
36469
98477
49639
89225
96937
90139
36428
77168
94128
15636
40499
71084
20071
57156
21973
45993
72185
81603
32258
23347
21560
33488
21900
81905
32703
38704
9088
69780
34019
10014
22522
59605
19814
41656
97585
44050
41929
17449
41963
57731
29354
32866
28496
59949
79292
29720
36628
83352
68467
76532
45075
86956
29584
95219
78044
91199
5973
83030
60220
46371
90204
5745
69908
97669
43639
64105
96149
28179
72912
18037
16575
48726
30827
33204
84511
45507
42473
39512
52001
88883
5292
2995
14133
23769
22807
87137
64407
59783
72174
24364
78020
48165
25026
52940
90113
49209
79693
6992
33891
1052
92719
16501
93517
88112
77507
47898
46157
80933
90865
11837
51620
26351
62687
60797
9798
41376
75202
53407
83752
66835
14491
93109
18931
17096
25773
39620
25276
98257
349
55204
33395
976
54517
46808
68248
43636
20104
81542
10309
59375
67387
62314
37224
3644
29117
23412
27756
28851
42918
81895
65557
56815
81361
54888
79376
46166
82473
96027
70879
37738
64002
65342
37233
26611
94441
2504
21160
78934
21485
45882
56723
56532
20272
22664
25581
1179
98346
17023
15396
53951
65076
89634
64845
48865
43095
28011
94273
94497
16019
90139
76624
94483
59391
52893
61317
42732
53118
8083
7326
46914
99068
40143
88324
51088
78729
7927
84321
33694
62936
79606
66176
5380
94577
69349
90074
92932
22641
86000
8753
71969
62690
10726
3015
15237
8756
77608
13468
15918
85541
42181
51443
41066
98774
4159
54361
75919
93293
33950
55336
26822
1058
49177
65682
72475
47768
42544
46871
48297
16473
97649
91817
46305
25993
23796
75279
11515
95066
97435
50837
54046
10472
76684
14362
7950
10174
228
73407
39392
6258
2885
35401
68890
89044
77623
65228
10137
32536
90808
27356
83261
90279
12007
22728
60602
68061
40622
75478
75425
31174
21726
9353
71925
63200
80874
23066
91788
64376
47919
34280
18996
66369
97857
49238
21313
10270
67668
9117
94252
58261
57346
49623
61505
86941
54525
56546
50509
40854
90083
75826
36257
25892
72102
81698
38188
54712
51314
193
72030
92872
45027
22709
8997
26397
80365
39761
59192
1687
73200
65866
66295
32742
95655
56227
38518
66418
64302
93950
11547
41783
87878
14864
35755
30381
17994
47651
27656
71169
55019
54149
6816
40944
36611
58193
10860
87757
24807
36486
59179
94419
93112
60729
3576
2580
56045
86980
59097
5080
63936
56744
35039
3377
84894
15238
45032
64817
80341
65406
68515
96292
84044
86708
27489
49628
32399
36650
43647
17977
58871
90721
92931
14296
30607
64554
4533
44474
510
95361
95105
59085
32206
39009
97800
36855
98882
9463
14069
538
44597
79150
11335
54672
6407
75940
50160
79628
84257
32072
90676
29366
51116
98788
8742
95072
24607
31310
12996
35059
47806
5380
42947
22634
90299
4490
89100
53493
93746
54905
12514
22333
94196
97287
80404
9205
82988
99147
92796
34099
96086
54976
81442
45871
1966
83149
5453
49844
70177
84773
53510
60919
25840
50281
66083
698
80061
56981
12512
32627
26449
54570
76011
27882
45852
45465
78979
60045
46633
77789
4961
7515
9997
2087
95569
5912
65369
78809
80969
52378
84996
36615
13275
6517
26681
40539
47679
79023
76508
70670
72089
38486
13517
16564
26955
54689
23560
76561
97998
57194
87955
84178
24251
84724
83469
85914
47915
87919
13884
864
4429
66099
73490
65456
46423
33630
41646
35966
28844
44002
7811
91928
88934
54883
40727
17008
94623
58025
71463
92940
12181
93473
5125
22728
14555
61961
88789
32209
54115
46972
86962
5483
91270
97291
55289
67542
38679
68690
25532
27861
90054
92945
34662
81867
31947
75749
54762
17644
66603
37619
23604
16707
80053
46324
68688
25759
51030
63911
54961
12142
65578
97453
98797
6653
9479
52454
56760
98026
89792
13863
30438
13206
80168
46372
54590
42144
22462
49241
51816
34541
65722
14703
59645
37231
70379
60937
16665
18079
39178
95360
81305
48582
82727
19259
51520
99850
39069
82060
23353
9845
25980
20772
99073
73853
80645
49662
88168
18349
242
42814
64718
34754
18275
65713
60138
82480
66641
95587
23245
54948
52635
45343
50293
42697
26283
15666
23492
39126
21794
57700
81727
15233
47813
88680
89536
55402
46781
44944
28783
12519
63883
35726
50523
66952
17289
48496
8736
60147
98314
78721
82220
74763
73170
94006
21625
73318
63089
28110
9062
10362
18519
60610
84724
55299
90564
66932
49285
12630
11671
89346
77450
92609
60430
50246
47324
60183
34285
1564
27758
78888
24967
7193
2101
84418
49825
49599
72346
21611
95844
98624
15853
18642
26201
97686
52031
32205
37943
37670
37705
81430
96678
86609
33548
85302
41411
93223
34976
55394
67216
96906
55863
37707
83615
20383
35074
21921
54788
44615
20899
35770
49414
65086
29418
77312
65872
38856
76717
47779
2923
13132
8107
40469
93813
26789
91409
81895
45296
18698
31223
75542
11256
52738
26127
51387
74191
68648
42390
68402
68912
78847
940
74291
88300
67875
11131
56061
15209
79706
59655
63160
76806
66446
23016
7994
45294
90325
91873
31844
59670
81037
9546
42836
85238
7684
92283
11482
99325
69945
78069
2887
25764
98776
30212
81828
41097
17239
66749
46804
47866
68911
16151
2464
11968
48908
6064
92078
73540
86465
94220
9787
96098
56354
99313
79620
26490
4565
20439
57371
29296
2429
90095
91605
10997
81627
57185
83694
13123
98027
14099
9681
6465
2905
22231
90563
76512
71248
28149
49193
15043
34746
98261
91179
30189
36040
98736
15506
22295
55442
83099
6404
95109
28757
38117
31205
39971
47069
51460
44862
8476
40240
76518
31664
60190
44979
44898
74202
24202
89401
86189
23149
32045
62841
82354
22074
5141
59795
68534
37921
92551
10129
3566
35703
20729
48979
58463
63080
39867
86813
58143
88671
58791
24163
22186
31930
84067
99317
55778
88633
18267
76095
35628
1606
45659
75489
52750
80469
25474
67170
17579
89909
2302
85183
13919
34671
61311
23870
41011
35571
97929
91864
67415
79701
17766
44662
60934
74215
8276
30265
7481
53238
56044
45930
3483
94362
91745
31314
46544
15956
64779
15115
98210
93032
10697
72919
93399
72646
63462
95909
81329
97561
39666
5028
91616
18493
69532
75730
72419
17585
44234
69797
34487
876
5861
45796
78325
90945
45418
11954
64345
59799
91386
26854
43637
86824
87301
13704
95558
25722
1337
95205
24594
41119
69469
96328
60684
77584
78254
17604
69975
44698
52943
68663
29232
84722
67681
95275
22525
71888
97554
8915
45023
45501
45365
49008
49071
68259
35643
3475
6968
44001
22435
28665
41716
49802
69628
40932
45536
35349
79412
28267
17840
11272
15349
85189
49444
54212
84583
92686
26013
51349
50903
89598
52693
49130
86648
38875
96170
25168
99657
80755
45760
95309
41608
94409
11343
88307
1543
44984
98566
37188
20162
88619
21709
57477
79662
61804
99646
42713
24545
74135
31028
49068
45415
69501
13494
54637
89691
23684
72493
34024
69023
7236
56608
39068
56021
37284
75626
85953
43548
69076
47872
46431
68131
76486
47652
54828
86722
76964
49768
94897
18741
24287
80292
11910
82051
3553
51318
22889
43627
21302
41847
98369
39161
38620
85453
75966
71914
82305
77470
37538
97830
61546
40562
73959
91840
81777
94954
89133
98307
15753
32923
2769
72191
56802
62117
2789
88895
57607
8268
60918
47295
85650
35369
62778
39184
97658
71995
91565
55680
11060
98088
22856
24858
9879
26312
42380
48609
33670
38224
5053
8774
2755
91517
33169
62508
13450
62201
58172
17085
40423
9373
43488
48361
54835
88482
65960
46839
26168
52190
27171
24830
61206
11401
9118
82868
17625
34954
58494
5451
37364
12822
81410
77842
60859
97634
38273
30998
67611
44412
87554
34021
30968
21987
29260
49222
79157
95440
58432
80543
39650
44417
46842
39040
99071
94949
54951
60425
29506
8312
56680
14298
64852
64613
48632
88827
68784
59631
86083
17932
22569
38065
6911
98319
84013
53971
919
4581
98248
77646
4637
40095
1475
92069
2167
33178
59495
50677
29506
20758
88573
35850
79499
59223
79114
71756
59420
89107
80163
98404
62047
50935
63043
19705
89000
42194
76958
83331
98009
24430
20385
24270
17306
40751
81082
90014
41973
3391
34596
66938
98039
5302
35214
67096
71660
31946
70421
44374
59259
18999
50624
38210
97722
8279
6843
27242
98799
61714
82090
65986
24231
77349
34979
94716
95236
24286
58466
79681
49728
12136
32860
38712
32951
46723
70959
65399
23190
66336
26253
28278
20339
95364
47170
6274
83339
29422
6881
29278
94587
60466
65224
27182
88950
76420
19969
77178
95626
87577
60771
3900
48214
40936
86522
34505
35980
62564
46087
97750
89724
3166
67190
11158
69487
91344
26390
8043
67324
14996
50132
10919
52232
60711
21024
78872
65764
10549
83049
3298
18075
75596
62353
80890
42264
817
52399
63558
68539
64263
93664
32883
93312
50520
35610
67195
16112
47200
62890
96802
35623
34460
69563
82258
59561
69079
4382
5605
31954
11395
65757
40651
65298
46181
43634
88986
28736
54937
31898
17864
1585
72204
19822
31066
58757
92981
41188
94941
71515
42472
49860
15457
6369
56621
81061
3658
36442
49298
23696
46737
95192
47847
44706
15618
77780
44956
27119
29561
33789
76040
84201
37491
48531
84846
99620
77624
65263
24024
96650
31497
5840
21035
60871
51481
73166
38444
8523
8449
95452
32553
70586
69557
38748
38753
47946
1017
20431
68223
6570
4008
25791
83719
94156
29003
93533
77178
22602
48454
7989
13461
4965
35522
35774
29576
50805
74693
3065
80820
83029
65045
19618
44633
68006
58049
22090
55943
31378
3132
31640
235
35225
15653
32397
52651
34102
10901
95946
65479
16482
31172
52559
63638
90745
58000
58481
32093
50468
63280
84096
92838
68138
45057
58474
78384
85694
29589
97470
82933
86192
49331
60953
29045
52402
13648
82581
88975
11560
75525
49424
54363
90967
26962
52632
25069
46252
68542
12764
69126
52961
22600
83489
29155
43991
10843
20515
21198
63091
27809
5943
99763
46815
70057
22804
16974
73096
8031
90123
82322
27108
95521
4054
64707
32602
1668
79575
67180
15149
51709
41626
95565
20116
77463
94399
44774
58425
3194
3278
38787
75719
55769
34184
55662
14853
93024
57472
30693
62505
36997
98429
72897
6854
49351
71447
73252
55630
56479
31138
88177
28697
95800
10614
75864
21518
65915
61214
87400
44855
28464
96627
10650
65713
76593
27812
54700
13394
43260
90564
67560
35592
41950
56893
87602
11755
26961
31820
55684
12399
52645
92297
85143
49758
37494
42197
26041
81612
78193
42975
54133
8503
3068
42260
37886
80104
78314
94177
53466
17683
329
55426
89910
45576
95648
48056
72918
26574
22421
12302
4246
41852
91849
43771
69517
85465
67337
27416
31819
43474
13536
13609
49905
91714
38276
68677
77916
36402
85046
78572
56649
42993
65206
47504
16462
35092
48207
60872
18608
86929
14678
54953
24159
55310
80615
91509
78789
83392
44264
27793
84165
39031
89815
59400
45939
11906
35170
78827
33535
3725
4867
26792
26555
47546
45673
99324
32805
39607
56045
27412
92109
85375
27873
5540
59944
32808
63367
95202
75765
88227
33999
88159
77295
70736
88203
85447
41575
11553
58737
3297
18634
8641
11386
22798
48803
84042
16691
93427
79611
56088
30412
27237
44574
66467
63888
57651
37707
19540
69507
33363
55915
45361
84660
93353
54150
2573
50056
32637
167
11857
24069
96731
71919
31967
84618
77920
36909
38369
36053
59609
4193
46521
55954
24090
23412
27252
91033
89605
52438
49030
35880
80300
7670
61092
13200
57667
33405
6577
58141
70662
96005
40231
87098
45346
5369
56284
40726
8821
16
7072
49227
34875
57693
31931
18479
18446
90571
57971
36264
62566
25194
93288
4301
78982
46243
71336
43258
65833
82170
50769
15895
15359
16241
35658
40495
65067
99672
54833
75718
69413
29241
6569
49787
67453
99574
4324
99698
15456
98548
86079
48654
75021
21274
88099
14483
80730
83911
96532
94892
79242
32196
31507
86513
2642
83978
36171
28948
21211
55107
49532
48550
28823
40119
94872
71386
44198
61099
74654
50472
88358
96457
73277
96484
35661
54084
53607
32763
11094
86734
12242
3564
39036
5037
63004
24799
37593
38646
28698
63181
15807
14028
39390
81566
60893
6765
90540
77963
1655
20286
82189
60313
98718
952
96626
42928
35473
93341
14979
80948
2835
55426
32491
67681
91338
29164
46838
71635
4096
73
88977
82807
37381
55047
80936
67886
72153
9511
52920
65752
45111
57642
61970
82132
21344
49793
22077
52767
21360
39863
26016
32592
92451
93446
45118
69878
46338
21198
82950
91107
66134
78066
12378
21851
2594
67421
78836
56148
93605
51047
40797
90406
69711
56451
41893
91967
23587
55424
43307
29351
38893
7589
78315
1776
12221
75113
52526
92421
88542
90496
13759
5605
54993
48672
6498
78707
43462
98979
27908
3153
78774
66248
22754
87552
85576
13952
72870
45718
46659
97531
64800
76616
64554
91146
3990
70301
89608
28004
2255
52516
78685
78828
61878
44351
34191
36435
43927
74514
49283
939
69342
9351
69607
88901
93098
23118
66062
83109
43899
75474
97901
16405
7001
64213
23730
75382
2129
82619
81705
39202
24997
29944
67115
53366
16654
3376
95515
59337
99910
25063
58355
93479
15732
89551
68846
87658
70639
66159
11754
27158
24138
82288
45501
50618
65580
22868
15650
10362
2392
17883
89718
73180
2722
84508
38199
87875
21467
71417
43331
68501
6925
97044
71561
97114
43179
60631
16419
10007
94759
60794
75413
92758
11233
83401
14624
62552
48314
66644
74837
53474
13148
97461
10255
86516
62244
45494
68086
51709
48586
25761
11806
99108
3390
77510
68044
17698
3659
49559
62076
76242
693
62983
79688
1977
56056
18005
76500
73805
39964
81959
93852
382
77220
37189
1249
97796
79577
32619
78990
14305
69379
60357
2035
48936
58278
95664
44697
36321
33390
34922
58092
32449
65757
41567
87628
8909
43529
42769
88432
96122
80712
7477
75893
4804
97597
97800
68747
19859
86500
76103
39240
52704
59411
2272
7164
78148
14061
29343
97978
55907
94851
3008
32750
23752
49544
14142
71179
44340
18185
66069
48310
25637
35401
55105
13508
53131
58738
94333
909
76586
59615
86798
10505
9987
6719
42917
40693
98351
1625
91060
7458
15242
94755
32938
32659
9918
54973
98270
37979
24371
65549
63927
79155
48260
76222
34135
32064
45408
28711
21752
63156
97030
17973
95424
63706
47725
55768
89223
88250
79548
98743
13797
77048
3691
1311
87117
52952
76029
47699
74074
31475
52386
31305
17823
11003
54478
3574
2388
99268
66235
17997
6100
26434
3931
44001
18924
92131
2300
53363
28252
18045
2337
75634
17563
17409
44233
20941
71982
4956
47920
44003
82525
24102
73370
39368
49498
99
18195
37143
55362
41051
12531
57452
76159
89831
27672
69047
82898
43288
79387
24288
82578
20050
84143
94230
93534
40873
36522
72297
76504
68610
65151
850
41739
92232
70646
34354
34186
24851
30557
43973
78584
88681
58918
15668
48458
39419
1875
62023
83145
39982
37710
14687
34877
12762
19047
980
32295
34812
82346
80713
45647
80875
51243
55788
78016
20854
36920
79132
33923
69652
87499
48275
58891
37733
60686
29965
11566
47696
30411
5182
89893
90544
37486
50913
52998
31287
77350
15395
42473
86147
94349
29445
8081
25117
74761
47272
39200
89782
50936
80045
91229
16671
59061
70458
57595
44650
28133
97275
93494
22264
28571
79180
23934
34901
93865
16098
13887
79651
33016
13694
96207
86244
2804
75667
7426
68179
78462
95551
30960
65427
38799
5418
40776
72714
35802
58884
89886
75021
58454
41259
96176
20757
71114
18915
874
51941
13293
89062
98642
18481
18334
48830
71280
75595
80866
75591
7127
76509
89987
72911
46534
50497
54451
99455
30416
4278
9593
72081
22786
95897
23701
6227
88990
65149
13024
36953
35489
51255
1483
20413
79026
87340
26837
6648
46470
96476
44799
80648
32836
56614
24835
7487
45478
7486
56243
25841
5218
87633
63609
18906
28479
47708
57856
44451
61358
11942
76078
27113
31449
8087
3976
43330
16733
85330
93883
50620
53060
91861
71636
79527
77869
78230
36008
6411
14856
59416
54643
65936
14848
36741
38636
4867
80135
56298
31660
19793
41078
55008
46031
55237
72471
27752
45212
52149
53620
68717
47598
6703
55643
59162
25412
63095
79020
67512
3067
52068
15009
91164
48497
79289
76332
24060
77751
61079
59378
65439
85649
73773
10409
88883
24710
52064
91345
39809
76437
9241
20996
7831
57395
49378
3997
19882
91963
34491
89493
72834
68853
90214
87045
29837
95159
27835
40635
39003
58367
63786
75896
53649
54419
83219
76627
18974
13509
12823
14030
63622
8376
3675
24066
86443
46995
91263
78123
58911
2532
86409
79488
45781
98104
55626
98674
32313
47068
26838
90655
72352
41247
18462
58268
51776
67981
74807
30740
19399
13883
24608
47565
72014
44463
33220
45573
46397
79048
3327
71812
89419
20649
48168
91723
96336
89032
43352
51285
67828
74326
49835
8256
33969
33776
3839
87981
4897
42288
74312
14790
31253
27927
37906
20856
13296
83841
6319
98196
68789
36580
93781
85519
92663
97019
7948
43873
83377
92035
21117
69085
60592
53778
88267
85546
15908
92450
94308
99423
69725
53926
26328
74589
76869
99547
78336
78948
39873
70289
95037
85243
57797
43898
64995
77493
7683
65598
89732
32533
14172
31620
56974
38158
1281
71234
37009
56586
14945
37067
30676
44747
71387
66381
17035
5063
94447
64472
94738
56941
93415
6797
71343
41945
72944
7506
33955
55714
26709
91650
38667
83629
86437
48235
39890
37374
36331
72030
76467
81509
36800
41374
34610
7402
10397
37612
5841
58747
36001
53286
79648
12079
20127
58
2785
84168
48115
18087
44628
21632
56562
95201
74616
17512
90294
75160
28534
80903
8280
63410
26420
12165
54685
14781
98086
57347
22802
79247
62974
93335
48524
89391
81500
12598
81526
78786
59922
21523
78044
97563
13235
75610
55907
88705
11777
24195
53627
52334
88455
77527
47944
16222
63039
34398
39171
9152
63865
54680
36271
52718
96399
53966
14560
23507
81973
74243
51380
41646
66856
82052
30565
25069
71197
22190
92841
27078
32357
58092
40895
23631
31853
54304
62445
72351
91823
91744
79828
51240
61219
17094
72926
99255
76965
96285
24772
33719
66442
39196
85760
91788
64896
1180
49841
24011
71385
45500
34420
32228
81310
4626
3405
45240
64186
92138
23578
10952
51723
33523
5963
32186
51977
60686
1264
98175
72349
49705
67749
78141
11142
55502
13322
49388
91438
47127
97395
56975
61759
83633
88004
83948
44704
75701
43913
20673
21605
32283
83156
84957
61698
81552
29099
40939
6623
70794
45007
92371
45649
40641
94054
45089
97261
36897
98039
8801
19696
50051
22418
59106
64212
13388
74816
59981
26333
36861
96222
93951
64484
532
14312
8690
73977
20424
65336
37226
96455
90530
34236
99599
6651
31920
37450
90537
8400
60399
42153
62636
14097
95910
33663
70347
90887
78797
46762
71195
57715
61332
23443
20422
11000
8588
71382
39976
40870
68484
64239
34531
37677
94037
25016
75876
94094
81906
98426
30481
6481
21453
78170
73181
94877
21528
27834
57463
32183
56678
98381
21211
36491
64597
90001
11131
85432
57459
10849
61254
49240
91517
32091
26376
25391
22223
15590
73160
47803
85945
55871
54245
14956
77282
27498
67972
10877
46311
34307
93306
1778
20152
82206
79083
58109
31852
33937
69313
67134
98424
9614
29803
85585
15025
57779
21809
77027
73474
75383
62460
35816
32631
17058
25853
64614
15469
6387
56868
22221
79501
46778
85960
48897
18195
61835
65078
15579
929
11952
34690
8557
23691
17696
18461
93417
33617
27129
21454
63917
80287
63411
87261
98374
8725
39108
98159
38117
92078
93677
1361
57461
23961
16991
18
82620
18641
97916
27960
7296
57418
78519
25209
54722
44087
29997
53437
69320
81317
80940
31559
52569
9809
95706
79127
69297
4358
93179
11428
50764
58398
72922
33504
87644
83653
95987
54268
21777
87239
79242
24694
83031
77325
44480
52469
53170
93978
86447
75992
30693
17856
29530
90723
70664
26935
34525
52886
37179
22583
1873
31904
91715
45321
68087
60076
68823
18197
43524
84692
79849
2963
58454
84989
12295
85948
60763
90364
74439
46778
13765
85469
25855
75931
6308
98827
63945
59914
75554
47698
80972
65568
60511
78972
13194
81949
29487
38555
90328
25823
53796
47379
52584
17172
19332
28825
22221
40569
31052
29784
25834
10041
4469
2996
11980
79289
14970
28525
62268
26698
48415
47197
93461
38714
93847
20907
43066
97866
98512
43007
12977
238
53087
17620
33324
25526
23868
25564
61112
55602
62551
95009
57903
14748
10484
21567
55954
33966
8512
41868
53454
26530
90629
2525
33707
75227
20103
43351
21586
15012
69316
93987
7858
88904
67768
4017
98544
39561
69179
31689
814
61870
87065
70835
98798
15140
20600
54713
63616
53306
3980
18501
81642
61832
31648
94587
91120
15559
50751
786
82440
77686
99788
49403
98167
57865
47221
14492
62792
89518
79605
45131
57156
59517
32433
5129
81378
35288
656
48800
77609
96488
93957
2074
9830
37659
95451
53724
52806
25094
44741
98537
89931
19444
48162
57725
14576
17880
54806
89899
63252
23703
13882
87075
53130
81071
80589
94253
31841
11769
35172
17266
37053
51458
66039
84595
19579
31567
70914
30634
26376
5846
69961
41510
44154
90013
94672
2923
57878
73586
52031
45499
70596
17438
6848
15646
47929
32953
77430
86293
65593
31861
37956
60014
41989
19575
56758
86636
12193
49330
27425
49982
15413
36197
37182
34115
47520
33528
86972
25304
57816
23866
47332
77596
25995
67081
27583
58832
6530
2306
50751
98235
12665
78221
61402
91913
70726
94722
71047
57028
82810
97396
66022
32020
82056
92672
11660
1167
6602
57760
70148
21507
4624
3156
89169
93479
44273
90163
17273
93767
50615
55024
81226
22423
37271
75873
26207
55414
55435
2374
38215
35463
18551
70676
90149
30721
13959
71613
72683
93772
52151
54887
21599
80
99722
42248
66126
90173
44727
57780
12283
56633
71836
47752
14669
72082
84885
74358
22765
3029
75556
16799
70345
90758
88700
97713
89475
89235
10472
3785
4497
26121
99431
5968
95719
6342
77030
34600
40539
16696
29621
97767
16552
87015
72345
5210
40418
43422
66107
6093
16411
50366
76346
60273
77237
47283
75661
75536
91952
14122
82063
89953
19298
51600
52089
59490
23825
27968
75959
5621
40335
997
10492
34372
38013
31331
1064
88622
62950
95336
57462
92757
1554
16074
90549
42858
45583
59757
1562
79751
40612
86141
29145
36185
78611
32495
33333
85811
21694
87511
30348
98956
49281
79252
86237
43304
20903
23517
66862
99676
35839
57047
68664
35910
82291
92271
810
62077
50226
23483
92034
54349
14469
40068
98044
24467
86125
29781
10025
15281
14295
15247
6768
25018
86810
64237
44851
18525
32406
19777
84902
13310
63055
15583
95598
55265
91967
84028
75425
87772
26487
99198
52049
13131
70670
75536
70635
52448
18794
3557
30718
26083
28932
99531
45464
48777
13005
68449
18824
88720
24557
23458
53186
54731
35550
592
42927
34176
47817
74087
79360
9039
69333
7013
58173
46852
56110
16744
78283
97916
32942
17948
34710
22958
22438
60554
98818
32986
52190
79262
14854
37322
97858
21277
14405
25725
52849
98364
19062
14649
28097
33336
20970
29888
26930
25238
92630
2687
75644
86156
88786
12457
82061
44644
32940
44876
19149
3923
48781
41530
12714
84621
25797
987
59169
86018
59809
34001
10965
89371
35086
95915
48512
74916
17552
29238
31120
19662
7583
21288
5907
69560
64031
94218
22602
3505
33071
70135
74703
19981
76744
35936
55794
70565
42470
66339
81000
49838
78520
12966
40606
47036
55290
74394
49650
93204
54241
14301
93067
38473
54891
70983
78323
76290
19080
13729
77491
29192
34417
27804
10299
83358
10315
30151
34197
98291
50534
21899
65919
13307
57187
72898
41832
96243
13149
44262
52360
32297
46037
87479
75196
12507
49792
36189
88987
54818
23046
86869
60482
6339
49708
38550
44798
73584
90277
42171
17573
10197
3788
78528
85775
15238
72525
40000
30389
39637
35559
70547
27444
57976
48458
84324
80031
78478
8123
28523
12170
25082
21348
11048
85705
13321
28111
69758
93294
6115
51301
49817
57033
92608
34773
41425
8914
62270
78385
7439
3983
40034
94885
81772
18578
22333
66145
96255
35330
32914
82578
20021
4067
88580
10523
39066
71343
86910
28751
59695
75640
82435
25876
80294
94642
90491
9303
70184
23688
17461
46264
88049
31005
89542
17085
49879
80207
58313
83769
99868
67080
8914
71172
76814
53928
9578
80488
96761
98369
13366
48891
86372
27755
20643
51385
27790
81381
36727
61618
36180
5697
50904
7334
21388
82213
38478
11355
92360
16601
38221
40648
96701
43240
98894
60184
60515
98503
50424
87405
25555
16023
61716
19591
68027
86371
35188
66027
34640
72760
2772
20476
99926
5653
11729
36969
36013
31664
56402
88633
8394
14989
44375
67719
19520
62554
49020
6412
64507
67004
91931
31919
37217
80013
69645
44131
66505
82065
5190
36449
9882
10191
58846
8588
71778
78971
15804
54368
86531
82345
59316
64719
5205
82570
58995
66009
43764
22759
72297
7414
60640
31545
96971
43781
9028
30498
41194
78289
78462
63136
73378
68800
89482
42988
59237
24543
19657
63795
45630
50182
18427
70078
52263
21526
67236
53107
13027
11268
87599
92831
8942
78397
88284
80593
36805
8669
56503
94650
18937
944
44192
70860
1463
97715
19693
72885
96380
23293
87138
96610
86985
49855
84606
30231
95149
88062
38702
47325
40044
72094
7166
2270
55639
76149
584
39017
37969
97851
30160
32512
38863
55553
27524
92709
72794
94916
21970
32081
13973
89185
68803
45212
73157
11156
90128
26105
85345
74025
25006
86307
62944
42299
59241
31927
15829
65266
50313
40102
80350
98709
58384
81381
82010
59026
32748
97759
49911
70432
27164
98825
25767
10555
29571
13469
55005
59017
1733
54920
23405
39842
93184
90166
24464
33182
21379
1436
8905
79754
52997
25554
16016
65362
25685
14302
61969
17509
99185
30351
50081
32375
316
10638
92875
81538
49432
96565
80624
41098
11363
34427
14591
22854
4400
3009
10464
75403
22453
94515
72951
71828
21338
77533
74071
70612
52498
87904
19427
59313
92735
37981
50551
37820
77922
4588
20428
9654
39507
22527
31354
63205
84351
99562
9199
73025
76490
22179
62918
53778
27037
53864
90520
81934
65240
58793
98746
51065
44123
24713
22341
42092
89128
55496
56547
17298
6913
10612
21993
11216
75985
35824
77882
79904
54314
65917
67959
52981
61699
90537
43920
52875
36496
13044
630
276
59703
13176
72679
29393
94676
42852
44210
98953
13983
49767
57011
30589
90375
87021
6466
49067
22857
11596
40477
35507
76687
96029
51580
76149
50235
71837
12298
94313
79151
59842
55605
30143
73511
40192
73686
92914
60755
95561
46143
66688
39303
95731
57476
80433
57205
63454
46755
67528
4186
21312
47763
81316
21304
43850
96740
67751
38806
19868
38147
65123
5177
64132
1882
5755
92404
86677
87905
30383
4444
75257
38146
53493
61534
1829
91255
61226
94513
13015
32039
78428
2528
11240
96390
95060
84520
29874
1638
73751
64816
15045
98349
38787
35256
38281
44417
18861
5564
39522
44633
11929
88103
32009
44617
27623
43457
99667
10283
41799
65413
54617
72906
29780
54531
32158
53089
36982
26501
93061
21780
29389
18225
92720
91910
15785
69684
67278
8204
25514
49883
7738
66015
27842
71535
88137
43489
62767
89037
45188
29071
16197
51064
34183
19324
19730
36061
52123
25893
94073
74384
96079
33518
17593
29077
13577
16944
30479
39755
23224
79742
48905
86159
68765
96595
249
66784
15428
60617
40323
22681
97670
20555
25550
87321
97787
2185
81407
92303
91008
86639
19465
44320
22754
95970
37177
19933
92744
85155
90816
17923
88495
96595
89284
80800
22833
60134
57887
51081
71536
58090
94353
60812
61886
62230
68873
61491
46715
55543
29203
22289
30606
48132
30160
60568
11816
63082
3935
34630
24768
79979
83146
16694
39546
60063
84893
71907
39881
76245
50430
54321
54844
35994
58913
89003
39020
55783
25219
89686
32786
24620
43025
64932
16558
89877
64745
70898
55573
36084
32965
23216
31350
77587
61190
35922
22263
40059
22940
92382
27942
29367
136
75284
54775
46317
27067
18514
35382
47002
7778
71587
19679
83606
61
56257
29580
92762
42769
79604
96261
6025
98011
36115
99369
46847
19703
68207
55109
87265
43166
69406
99551
49284
3231
71408
6416
2058
22493
82065
52040
27482
29610
93235
70552
66962
41037
33977
19559
86387
33093
9003
16545
87862
4743
47499
17851
69827
55502
35126
47203
81147
46623
60461
21519
11001
1439
31482
57246
95587
20611
3213
88380
46080
98895
5636
27969
88761
44261
43757
30376
64539
7745
74740
41463
67354
35457
7390
40762
61303
80148
96336
39139
40594
87221
7743
48776
30685
74589
68052
88815
87025
24429
66653
97820
28912
39079
91596
59974
46906
94585
42144
11439
86561
53207
71484
32849
74681
93957
36949
54111
94735
51075
59738
31764
91162
34462
57647
61597
54453
20377
29135
61754
28835
15536
33624
71617
99418
994
61650
69080
7102
98898
56054
30423
33655
18248
98886
96860
22396
32360
4339
92517
36975
95278
29918
22770
36573
37971
22222
90189
31529
35456
13197
75125
41138
96773
48288
62410
93780
45556
68901
5619
74972
63487
19867
84813
40835
29586
21709
55224
28497
50219
62097
28698
74284
59425
97215
90754
21200
51799
42272
61588
69149
87539
38133
11325
39213
23973
30448
52960
37152
99932
52362
32706
57398
47972
57264
23594
98130
33076
84444
69750
12852
50558
72716
885
57966
82864
21230
71354
66699
92793
53392
35184
43971
5749
17166
52022
18492
60210
49088
30966
59345
28105
67209
52882
25321
59581
32379
44138
9805
436
93219
76291
64814
9923
9161
10192
32164
59346
34771
34249
26578
28160
83801
72215
64506
30907
54764
38613
34583
71793
61669
29640
77573
4086
25462
96326
23553
39566
47485
61341
4442
94188
77182
35923
62265
38956
92973
15957
2873
4898
9656
43144
15561
62066
79370
5306
80078
8880
4563
32464
69044
47617
71567
64598
78135
80271
76582
9913
3923
24431
72265
7714
92930
36715
61308
74652
43645
11813
25675
4481
41392
85167
13958
58511
20636
93522
74869
53248
39778
25007
6563
29939
22669
42816
746
58753
77042
98704
2993
78449
83535
17095
30606
24468
13539
10987
24505
56436
65784
31706
18588
68490
23166
20187
38909
80831
83814
19511
71278
25381
95265
37050
2470
91267
93161
55371
51686
75829
81226
18833
95318
2564
34125
3602
93683
92456
76015
14765
94149
57289
40929
25897
7234
81692
76448
6066
11556
24781
91338
94297
10009
17901
97575
51700
24374
97228
2853
5919
93589
38368
31797
82233
34465
74798
5393
1705
46458
66823
53985
61432
39196
66811
30662
43669
43643
39719
23276
59663
9333
29588
80478
52680
11353
98518
39474
27561
32234
60066
64420
82631
20167
32455
91410
39271
18976
31620
64715
91392
67246
76032
63879
61337
51524
23801
41005
71401
67307
12969
52427
29843
36622
9264
9132
49301
89214
48558
50371
968
51341
43208
84658
92776
16824
32707
30502
54005
17065
4571
2387
35175
93254
53862
89536
2317
24091
62037
11831
10052
8568
59515
65772
88388
83877
38554
48885
6791
89956
80655
80700
8293
16185
25878
43511
84368
68841
16780
88604
3035
37950
5109
26738
1523
37952
96558
19079
74273
25785
10807
30487
7689
83319
25599
87630
41882
30370
43920
84950
36009
83275
47876
35885
55981
71576
3263
12383
36067
75036
91594
31773
40644
38760
36334
9665
58461
68672
75595
84146
37292
80044
40518
51216
65558
13443
74025
43873
59041
67322
86753
31320
10586
14638
26683
33953
60673
705
15058
37299
13352
46905
94807
13778
15015
84450
71131
19994
30392
91676
43705
24557
80086
41081
31175
10027
193
36116
94222
62503
82442
43586
17919
10748
55906
86338
41547
74470
20132
55035
70651
43510
4102
55710
37546
84364
85433
28033
3151
58440
66611
30146
74589
78704
43018
71422
15057
67785
20090
26248
85947
12707
14505
21349
46173
63527
8904
38019
66696
80525
28837
32884
7533
70200
36106
25528
59752
9971
19436
91679
70992
98824
45822
11451
91372
16753
58024
53653
44688
73636
81494
34683
59682
68964
47065
29660
11996
97853
38320
46000
66535
9127
19588
50135
74433
72707
1497
54738
38420
66589
85346
39160
37390
57416
84139
26089
2462
6507
74121
68096
82575
36434
84964
11085
17839
17619
97013
21861
36749
78651
90162
51063
9591
80520
27789
99606
26252
60953
68369
27237
75763
58116
52330
10963
34837
90623
72983
60241
3989
71040
37696
21706
31345
7901
62325
33518
38693
49617
71612
85791
30413
58484
71911
33910
39234
34290
14841
3455
5104
52608
30698
87294
85676
95444
91988
75944
69510
27508
7968
39980
71129
10076
56699
80597
51389
60394
76521
63985
46180
57652
65003
56615
51681
75371
49289
40686
55870
14215
54765
79775
5494
55005
11819
65138
48965
75545
14294
88067
1057
12963
26498
26058
26810
23172
46033
16132
83068
98418
99909
17232
27485
45079
12389
87743
78065
14210
76058
33045
61383
35922
97395
44023
84956
95154
78044
11317
9684
4342
79867
94618
14828
13094
82136
83363
76329
77966
40243
72575
10554
18736
14324
18191
91973
82678
56993
38860
53874
8628
28709
979
12816
66133
72944
21719
49912
10980
96215
75298
5213
46868
41875
82111
23496
27929
6191
11262
25139
63706
32062
84008
79526
12671
18989
61614
74276
95506
79762
59795
53992
58673
55024
39862
22100
34533
42331
23722
46989
92185
91140
34696
89429
8915
92528
60326
36366
92153
39454
43948
14418
46052
42343
12893
97891
43879
86070
40501
33798
27698
9970
94882
73364
39532
82430
4711
55452
67941
18634
38499
43631
76043
81932
48882
77209
277
4002
89926
39196
60897
8474
11528
89566
91572
92015
81298
38244
13329
14513
64895
69483
87260
41914
84943
87159
70908
69354
93847
70763
7780
44457
85780
92228
44967
14619
63372
59901
38807
12624
65404
1172
91445
64463
55938
19965
16280
77656
78467
70930
25763
87515
60489
24747
54145
30602
22571
32327
56097
61220
33695
58088
67547
13671
73701
44536
48617
95969
22643
87019
90912
30703
33357
33570
48938
46380
71642
1381
96511
97966
4247
77003
4409
45483
25912
26913
66764
86673
22158
51499
56774
64756
67521
45368
27285
77168
29487
94753
73930
11075
15992
68008
23766
14282
49634
74724
15179
42617
55307
80926
41036
68075
84768
75050
651
94704
68926
3644
20089
43317
97365
49540
18543
99103
75204
56179
27289
43556
51750
37006
68896
62037
17457
13821
32003
11460
80008
62744
95922
6692
81103
75762
89190
9748
13219
28608
24025
4297
86015
5034
52977
44363
64237
74578
95060
78332
5684
47977
88644
66845
37228
57938
15268
48530
15088
40577
77871
19230
5040
48398
95173
83201
29112
83495
15618
32624
76993
25028
79852
50691
36052
71429
23773
88758
43538
51007
30177
19797
45942
6296
84619
88725
53618
8704
4575
74063
73648
69235
41670
82290
66675
25428
93674
61159
96507
32582
29297
78354
90067
420
26196
84
72667
3478
64104
74442
27588
81090
89989
77775
74741
77922
44004
71370
58897
83786
82804
21504
13462
50345
74980
41648
46960
7424
34777
52304
49269
99792
3668
77859
98711
17096
28398
92546
45048
43185
94986
21324
67768
76808
8874
71616
54523
38856
12920
53906
51072
80688
71240
78672
77648
46818
46195
28236
14731
45578
60368
32791
88818
30161
69531
95137
95535
76969
52228
49449
2097
83981
28365
44854
50013
83831
43681
88883
95913
28512
5164
3725
50139
98680
44826
20135
35284
71376
53886
7439
14299
60626
33330
58793
7507
41964
92161
6092
98709
14772
23204
46587
41813
82268
65578
40410
12309
66112
22129
43238
98532
88543
79026
7382
93604
32993
77040
28077
79532
12660
39258
34898
29604
47273
99465
43067
70097
5519
88730
14290
8519
36280
66317
28162
75603
67402
84473
29985
59272
24179
19251
51445
71407
91721
20551
12150
41440
67050
60326
5045
25604
85037
47063
22021
82215
94015
2927
31578
55366
6589
68152
71928
37069
35701
32622
65168
11108
98884
57747
79602
5962
52834
40999
48546
25739
14530
33705
28901
873
42501
82136
53163
51580
32878
34352
72558
1901
39256
76216
42913
34040
31491
66881
7925
25672
58857
39019
57911
96013
74638
21933
46025
74236
27228
66582
98185
34083
75971
32595
53775
79821
82297
89458
71651
6385
33389
86651
58307
88979
8947
61030
75089
91203
5369
96859
19815
63255
25125
84123
69556
93428
37481
83754
97445
33261
56922
67300
85746
12034
34332
36284
98097
22165
90688
12563
76362
83114
66233
34346
69558
59901
53609
99936
51865
56794
542
29847
16890
58664
49873
2182
86274
18282
84879
28712
52895
84210
66069
55488
60601
83928
90724
74162
60827
57411
6339
48958
93664
90195
73668
4501
49353
85359
49389
94026
96165
35696
88613
8625
358
58323
20982
42131
56199
63104
79970
40958
71073
68856
40908
45170
72691
70816
46087
50939
93706
88631
80622
90920
17913
1449
48076
60163
9184
64226
18258
68517
94696
70049
15623
34017
1105
40130
89462
94522
62002
45790
35838
40416
31419
53080
42450
24650
64216
19981
41292
71918
39857
63298
76802
65161
6566
97873
9789
16892
94196
95680
8645
11928
89403
74608
54504
26817
99411
60158
84345
55274
1299
64751
59520
3067
8292
39049
10968
32859
71820
30099
46858
46558
67814
22079
36817
50002
70539
28460
70404
93582
2327
47369
87686
5648
34442
54866
88650
59216
67500
49101
35403
89719
97611
27938
3460
43011
87127
28708
40694
81686
19717
49776
16835
93853
81336
18128
38037
9540
48288
27869
41030
47142
65823
34785
38058
99005
50965
62884
17715
55455
17527
82442
55749
55097
9618
71458
13994
63746
70376
13417
94439
90381
82481
81067
63504
15696
94063
35058
88953
51466
33687
48448
78745
45758
56457
24644
10046
63782
75130
13688
37585
75537
95803
79879
15423
30919
40965
89335
31882
21869
683
75274
60689
46207
53725
93381
31808
30791
44049
606
18887
72557
45133
20556
33363
52804
6391
97046
52858
97581
69732
6037
55204
21741
3906
84771
35316
65132
41887
48420
43521
19179
31321
49765
46466
89186
93078
23082
83862
79010
95005
36828
41457
8236
83810
40807
78484
18187
12508
82314
17466
17817
51037
89960
98370
3648
92656
1403
9399
33499
95117
76268
31049
13364
59289
61261
62594
90401
39324
19101
90001
37676
36200
9582
33852
98656
21674
24053
81893
29312
56068
68414
53803
22348
1745
30036
65120
95542
56304
47341
42340
46713
13260
32246
871
8310
87998
72670
37565
30827
47090
30766
17668
92680
13471
49299
26947
20705
11564
25443
85482
83274
14910
25695
51606
88692
49213
14080
49984
93300
76390
80285
16226
26726
82541
16718
41121
28320
64983
52470
40612
62740
84103
76472
89111
5632
5172
85751
10987
64071
71126
63959
67600
97258
43549
65022
11128
48851
58658
73893
62865
94077
14725
29292
50102
40599
18617
61841
86213
76441
80578
69537
14524
85519
35467
42165
85287
1925
49656
44401
58926
80916
49102
18805
27074
92610
2670
50669
38919
16295
92331
88073
84451
20817
96452
70656
92370
99721
53030
85419
96928
22099
72470
90203
89095
56772
58241
47287
47077
36244
20264
92139
65334
43703
86728
49488
26179
67292
82561
86058
91346
39286
6100
19265
17851
37364
6604
94438
44958
11905
19573
25635
23955
64455
61866
44832
24282
69345
15398
79404
44669
47918
50725
99311
39009
78938
49114
35123
49568
44317
25753
76014
86889
16302
44854
14277
83105
86484
21826
98375
78514
78876
94391
28916
4534
23902
9967
84099
71981
88903
19745
42763
78341
97730
61087
73399
13984
89280
49099
80567
68077
25953
78121
24443
27408
64561
87522
12708
53638
25033
89847
34335
89919
53022
6663
11771
94213
68151
20914
58053
1218
51307
71011
27899
62350
650
88935
25730
60136
33663
57845
46370
95230
60983
87811
45237
72691
65429
18102
68817
27620
98863
41166
85224
94670
45295
72511
33494
30079
30753
89836
92382
55400
69215
30172
41894
32571
70600
94926
96082
52122
42010
23507
4553
62894
5690
38650
69242
46347
57228
40477
51174
3827
19794
20917
51577
21218
28198
47335
12399
62965
19603
7319
7972
95519
10431
74143
86002
92845
77118
25821
51229
14475
35898
27942
84279
52153
56511
82823
66641
46689
56835
51587
22384
57664
91107
54970
19784
93698
45907
88364
67840
8661
91503
38624
14250
31241
9451
72847
93402
86874
17412
83981
29791
85472
74247
84632
95781
63498
73591
26139
54368
45807
33991
94662
65521
98457
45573
71035
43643
14866
50864
90835
58926
89144
73372
58397
51610
22078
83047
37220
27977
5856
26499
79836
69999
72912
3275
77211
17838
57507
50977
30672
7823
79658
79349
3152
30202
54677
64391
95324
54001
33208
13694
18740
62878
30625
27995
6701
54572
59637
36914
42100
94277
24180
16155
13320
9946
95309
49711
69332
19376
1572
19096
87998
32656
49731
42598
30702
33149
13522
29573
16307
5234
92172
25039
22754
94539
65457
63583
79089
95454
78140
23508
23920
12147
46785
25504
56885
53421
32979
17911
24712
9929
66669
64723
76013
64335
96519
84962
4599
18939
3014
94693
30694
3628
690
68676
8146
12565
80985
39991
30251
57647
48361
6852
38500
28934
89375
24743
2248
59209
56945
75290
54019
60234
45376
6819
22866
89850
15809
41734
75714
87518
66820
2438
8504
34606
66167
54297
54296
49196
94564
11527
19692
70302
66048
5088
19738
70437
15076
21010
88869
6257
89317
38982
31746
23907
88677
90664
72672
95717
81642
49808
81365
68421
85430
59904
41268
49773
90603
25295
82559
32278
89589
35825
60960
37887
29112
54335
13761
72892
30251
97728
83999
83438
13174
48069
30631
94558
72558
87498
40907
21556
17290
69624
96730
33007
78836
55864
36366
38959
16418
33463
64581
76335
81640
61747
66575
1121
57362
90234
4758
92578
29452
69396
18188
34128
70425
19040
69651
38274
93258
25831
22919
97020
11646
23669
13130
88930
64425
50965
96585
41449
52150
76973
86972
28577
58828
33688
91120
27270
48833
82617
39523
34578
88287
27935
25133
21557
36450
44287
97440
60228
23345
68275
17253
38187
38672
80380
33557
86346
75006
55495
51339
81911
54434
90364
82703
60536
57255
31286
33662
92433
62113
88510
2711
53133
18565
5982
17227
54931
44896
99751
22273
56678
41601
28552
98391
48034
62535
42602
4956
12797
55902
65044
87400
39602
6706
5324
33167
86732
35006
64924
42175
5024
72330
11261
68027
2945
12360
19208
75712
79534
45643
38318
85962
78916
11570
37545
34464
35059
51082
653
20126
44142
65141
15632
42651
69574
46158
73656
47217
30413
92305
33828
47563
92146
92106
23477
32442
53704
68831
79412
5113
30673
76669
17383
68876
102
79371
23843
98173
3317
76452
34228
66391
16167
25534
79649
80059
4533
15454
24944
27214
92549
60286
48868
53253
23378
94299
44760
4388
99585
68592
23720
16112
76134
52218
69561
4488
62471
45768
54076
70299
37801
10725
84081
6804
980
12963
88974
5193
80044
67605
61768
78980
60552
85388
39036
71816
13639
64822
9248
15089
15648
3835
32166
22657
11451
37915
68170
24060
45514
56329
84760
93317
84330
92771
55069
38992
19284
13884
55493
31896
49093
11908
79401
41563
5880
50513
55490
39350
16148
95137
91512
86940
47695
47221
52330
21784
45119
49534
71632
61143
33207
57050
63206
92010
93039
18663
74311
66732
87060
14888
63524
23630
73111
98306
91041
86853
19660
59328
19157
80014
8634
63779
62667
92005
93273
77294
8907
45147
40758
40221
99801
28492
84548
48341
40962
37670
3031
56183
32642
82795
72670
32272
57971
69054
82263
82502
51485
24030
33381
31537
19585
30805
90947
59270
98229
80972
65216
54955
82196
48147
46162
83416
8343
5126
6463
89026
90319
89303
4461
30659
90615
17218
57890
74544
3168
70750
7791
45580
98945
17006
4749
48520
27660
30026
19233
4316
78247
95605
92578
60157
24039
74994
6314
68955
77616
15186
61640
58622
6242
96319
35683
13910
61672
97732
57471
84748
22272
43748
22761
69214
28998
37582
74492
91109
99518
50395
18524
97146
7359
47102
90709
94647
74285
69157
72247
88446
2230
10018
48441
82124
55607
73909
99343
53451
12849
71276
91142
44739
40173
44868
78993
2333
72125
45575
73527
75684
87350
4669
74900
30556
13025
13582
47422
25673
514
30625
91077
29078
49378
12211
53127
64923
77495
56087
99065
47978
20076
86719
15046
26110
43404
64126
71349
96737
76227
6900
23076
87072
7340
21096
94903
96090
16368
76592
69382
23757
25650
48020
12
5687
35665
43953
36367
5032
7121
9958
79201
88642
33670
55015
91245
32695
29546
88984
81651
87222
27332
52772
42586
38156
47642
62167
18381
63481
3024
30651
72134
96317
96450
63014
39152
23678
61734
10033
45666
57401
92035
70918
88082
56292
13919
94773
98001
14828
77579
48084
51384
74927
22447
78354
64689
6038
43494
430
87469
33297
69023
12754
26733
381
60684
78803
94803
34837
21599
89795
1588
12288
55238
73530
62941
45465
48226
18138
82189
56033
42707
98328
53164
76718
62011
49349
35314
77044
57660
75293
71589
35920
73672
5957
68769
85954
9572
97138
32022
79258
52881
89238
5586
4152
38931
72150
21995
1510
18350
60375
39335
36370
1717
2464
46454
67877
1135
89984
56439
44360
77770
23229
40094
43220
73655
71508
74911
20816
95955
84891
75596
80184
60409
91520
14502
69460
18269
57856
68418
9318
21718
99613
54324
85459
27282
42123
86041
47567
4108
44407
9182
76519
84956
74466
26430
27143
12320
81883
30902
1669
31228
60687
99448
40384
8809
87621
5915
68732
24482
59996
58795
28358
11392
8039
85288
77005
78857
58985
88459
61955
32794
80505
65087
59937
34370
84174
2541
10242
5902
38248
28428
28046
34607
90666
15440
77730
33520
2087
34647
81675
53043
11535
70170
26423
9908
62240
8884
75782
15790
43016
96612
91456
74973
95049
3082
73922
79625
72073
536
93688
71034
58563
23115
75686
88600
91803
36287
24963
19347
84907
40021
30295
94705
38886
16274
88051
83758
5599
85067
97847
81830
37989
3694
98415
98207
5974
53288
72477
82828
94863
88767
54306
33517
77905
37628
94251
1923
75430
36170
91769
57554
74670
70734
63316
14021
16454
55084
34023
70845
31055
10046
76985
75691
13596
78269
18135
25414
80776
36367
96036
26772
27591
76890
66805
47596
45449
19711
11089
2455
41239
12113
52466
18905
76553
24324
27975
87236
51263
31671
88086
14183
6898
10701
4063
46018
35277
57490
91103
4520
98555
58871
50980
6530
68245
56805
77351
58420
85864
44703
44718
2218
73264
26328
50164
89312
24397
38511
77301
86551
68026
94951
94526
57364
3784
54159
66351
61040
21218
9596
23677
56955
45378
93752
67946
25902
33789
79146
54427
68452
94489
39727
66175
33434
31947
27852
26597
47813
41292
72280
54408
5322
26711
94322
17254
19943
73632
23602
43077
73385
39694
28170
40191
31157
22230
9623
53302
9153
50013
79821
15365
69412
40449
39024
99606
76230
11186
40587
19923
79106
68110
25686
93638
11826
462
37979
64843
97956
3920
94710
25312
26899
44130
84053
79671
26454
18660
83968
82275
50148
77250
22363
32063
88159
41740
92823
13843
71805
18231
60271
58353
14455
82552
37296
41947
84243
29506
72121
70918
60875
61005
85052
25063
72998
75375
95620
39267
30010
42175
26203
93587
48790
96720
19480
5993
52762
8638
20790
47077
61212
12031
34241
91565
48370
79307
76305
78242
25052
67271
20455
13772
30192
14380
46143
2369
17256
50560
68108
68633
29342
44749
67829
38257
71589
92549
22089
97080
29582
1454
5999
6270
6321
84989
14464
98621
8294
13680
89088
40195
34705
32118
92655
83367
29777
50029
6415
1862
54369
58533
72775
57078
53990
77810
1866
10900
86257
59968
6292
41564
8663
20576
68570
89153
81782
47452
54632
76133
95008
99100
52135
29369
79127
77083
1456
79031
16784
10595
50480
86588
48515
25445
20855
88277
89549
36745
53802
53461
70827
98569
68415
73118
41692
80435
56105
85183
99332
66568
3991
65019
95636
91863
57058
86887
29274
44705
67863
47119
59949
93929
96244
25938
37516
27895
46567
98631
98341
45982
68948
81080
16585
81496
22009
96182
6514
44943
89512
22524
2775
54183
39536
75624
25022
97010
61019
68782
66111
592
14872
37543
39934
49686
17877
10770
54556
63937
54509
31432
51781
46826
24190
83500
25573
36572
75026
40969
97566
53025
12413
51561
641
88328
49778
70091
55429
48117
75679
75027
58946
96458
35455
9882
82520
48283
81267
95998
91965
59438
53937
77837
54417
90222
10011
47786
83908
81908
19160
72295
76090
1327
90359
1058
16135
73152
40665
56293
82123
41506
63422
63108
47865
18327
84646
16956
35075
42512
62389
38831
72610
38488
44728
28225
47573
65729
89388
42018
73768
98439
81402
60655
52783
60404
39079
99940
64859
56439
29826
38943
86753
89855
43283
91028
38247
13906
63231
17200
19167
59131
66162
9960
3622
57415
10837
23508
46246
75275
31020
2949
99459
45540
98270
89478
71491
17283
91365
22867
44065
96613
98293
93224
73672
73400
77132
11714
54046
69897
79287
30247
18537
48662
182
91297
45188
61392
19167
8938
62507
56082
79711
39144
36631
39054
66393
86118
44089
59107
5186
93998
85876
19151
42865
30981
81595
90709
50328
29272
82766
5231
75564
94761
36108
86352
58138
62570
27434
21008
12686
5473
47905
59484
19016
32620
67050
55921
77294
77019
90030
30653
92061
30973
68011
74941
48485
74122
45734
56886
79251
49932
2125
83330
21851
97238
51595
70974
19399
2247
78054
50479
35304
31734
13223
2730
39546
55162
38757
60065
7352
248
97537
49508
38186
52639
80528
43384
3015
4987
33816
94743
71285
53031
20897
54005
70265
76205
24079
83824
41584
85769
31648
30936
80584
73747
14643
79385
74614
8213
960
26133
96752
36540
85004
81039
79089
98969
3903
16310
71946
34835
20972
6684
29164
82669
52219
85140
50573
50322
67666
66776
26310
49538
95093
79010
74304
13569
78393
99807
14777
43583
34009
22658
1186
85777
19551
62529
7506
52881
68575
10789
58453
28477
61446
17162
95154
46664
23447
93564
5482
90450
34932
60669
84129
13077
574
46973
34471
35066
20884
50661
18099
61512
29255
5258
82251
51301
43284
9652
18844
99977
39316
47208
39743
82645
25160
96031
46434
6287
41804
73338
50315
41748
94428
11919
98028
9999
94670
39810
34990
22982
91908
85609
35780
40902
77973
34816
51361
12459
9947
63239
19439
11102
45540
60946
44962
27545
83591
74588
84868
82088
89043
54381
10785
83679
82206
80617
72531
7142
15672
27228
59044
30324
74835
88376
59316
42534
66309
14469
90138
62336
58307
88433
83886
36709
43845
31887
94358
6598
25900
12353
99375
24766
33192
31438
89618
51821
40750
12672
46148
53029
6845
96005
48028
80427
84910
10201
96547
73478
2524
85728
86761
74937
93743
68423
98679
91836
54343
94435
82000
74039
69411
73642
8714
6569
48465
17756
95061
21919
78489
13891
38031
60355
37777
76899
8311
12782
972
45683
4539
93396
3784
67390
71805
41585
14238
68566
36017
13332
27552
94067
41047
79637
16840
95204
74983
56886
6500
53315
27459
54005
59655
79927
81909
89996
86882
65029
48292
7610
76691
3054
71806
23620
47155
38968
90519
32381
47320
62421
57667
78061
76351
1659
26304
51323
93700
28673
91644
87260
25156
14386
98576
8538
24131
88203
26879
20675
89980
452
78157
61643
26694
56165
66505
46267
82168
16337
52314
73948
28438
66409
3099
7945
42725
96237
58939
73905
97899
3205
22246
42780
81909
90677
78478
63745
20864
94023
22230
8432
78117
43415
47059
85332
43229
55312
40858
68720
59183
50436
88498
82884
40646
476
85794
91881
38552
93522
68748
20244
48280
22808
64345
52398
87662
92231
3955
87045
97145
6795
6091
240
85697
67923
78685
24243
11640
5860
36038
33884
55970
24997
2747
54171
61465
50568
69267
70048
42740
49801
46366
19037
49699
24935
61785
70989
58105
33153
87730
60874
63636
71230
73167
93886
93300
64537
79840
71886
43476
55506
62228
50319
66379
45942
43705
97244
24678
84644
37503
59969
28372
81544
90755
27878
12404
11860
81481
33727
66097
64912
91844
34982
62565
42859
19937
91310
39113
46666
78366
92935
13374
3690
89215
51727
4179
61523
12775
93479
6891
99648
57064
19658
33030
63389
45118
90079
97386
31270
32968
92930
39901
86190
89252
14637
50152
25117
28367
47705
56698
70366
77932
66871
82416
6467
48001
86434
31738
22539
86942
64793
74183
45900
96037
9477
45707
62282
88272
91815
28619
92103
29573
30647
9921
25964
86061
82370
10256
59243
23202
80370
20441
17468
11930
9222
36402
72581
39046
20734
91259
30093
31492
47588
28020
65654
33799
96025
25990
69122
22629
36581
42481
91393
29311
51573
98156
71635
16970
23919
93720
83807
85781
78454
80629
71074
78008
92708
24673
17389
4038
90910
68901
1437
43386
93182
17814
41685
69891
24151
13332
31490
397
83410
87020
322
30628
34934
31503
30392
80254
95229
70019
91881
74692
49366
79616
97896
43946
42279
36299
28840
43146
90447
10810
93326
85666
97672
20770
96049
91043
94294
93879
38512
79833
86558
16288
5890
17502
23068
91487
44537
57928
28418
69164
21541
2548
86647
89205
86156
45388
48073
15099
34266
49757
36610
56216
28888
85432
63290
25771
83207
7583
41354
59815
4980
54410
97935
63754
86573
72226
81826
61963
8166
77180
70066
92547
7161
85575
96174
47556
66028
9295
50165
40310
10503
75951
88637
13909
43906
3948
2370
82110
63680
9383
38696
26501
76358
89160
99152
54406
6616
49569
39555
59802
68655
53177
64825
71120
87379
8316
87053
42194
15443
6962
6365
59426
68955
64655
63601
42238
41450
92182
4155
38953
31192
36500
2686
54339
73349
35088
84786
75457
15879
62238
91434
94244
77877
28656
63236
76609
22365
74091
58640
57205
34940
62284
92658
34571
2331
9378
56002
22127
68835
36104
66906
9289
56857
7272
36615
8516
57109
83756
5763
98926
18316
10050
76621
38337
19599
64392
58685
30982
13752
46867
59376
2250
44549
74717
10839
30031
21951
79073
90310
7375
76753
95036
46714
46712
11812
9426
46822
86338
29222
38277
2769
52603
10089
9383
69042
66620
73778
20941
91471
86153
85994
93574
81224
80898
92579
69418
99760
12306
14984
62771
67962
55534
77679
2220
34969
8691
35354
25124
8966
92723
90462
65509
62581
21350
20511
74414
67075
7541
41480
94369
84698
13145
43054
31550
75659
12776
26864
51546
89282
98049
57890
73391
65067
48681
89038
93863
74961
55772
24169
83612
65477
72272
2170
62830
91989
61268
77215
58840
37817
43704
16528
68506
26845
365
35544
33259
68622
8691
92534
30534
24172
81190
31768
80616
47784
10000
52629
41022
91598
58996
84696
32386
38104
77805
37416
14640
14164
11554
35048
70682
7626
13685
27852
26047
53353
90620
50817
14647
50640
32094
47458
94133
55714
96641
8396
28031
91239
20525
1096
35053
96291
34036
42434
32046
41758
30373
78742
2692
48658
73395
51673
62625
89941
48094
95226
77459
49908
29319
44861
82446
49502
28175
20018
36356
85488
96435
29066
69202
42513
99759
60864
80135
53711
89080
16186
15456
27340
75943
21462
80286
2629
20200
83112
41467
69748
96211
83394
79821
65380
14375
636
74821
61547
19532
42001
18988
58745
20073
29742
58016
55844
50363
39952
50544
95520
86755
19747
44844
8016
87119
4149
33270
70183
86973
80167
42916
52010
32368
88915
4247
1349
50346
14057
64910
94172
28128
39851
86421
11273
94026
68832
29402
92176
24715
84829
68493
35038
38227
23573
773
51289
50250
32051
3948
11032
41321
55439
82798
32612
11788
71310
5805
73401
37528
69000
67752
36869
33158
3738
15725
7424
94166
1746
41362
71305
20861
18004
20618
67803
