5382400
7257772
4639719
3361065
3209424
6730518
3283779
3168194
5628397
8211015
4332248
3075644
5131749
2665137
5145156
7801156
1437561
4430861
262321
9029428
8567411
5447738
5209216
3924564
3818590
7638896
8305953
4124484
4232866
6011656
7877953
2211955
4468308
3008431
1152835
2331128
9779595
4093738
5669348
278965
457735
365781
6142440
9679715
6464178
8521398
2527223
2242656
1110191
351645
6624163
2093529
6671497
4840795
8605844
7764441
6664781
3172083
1763904
4348350
9334875
1886071
7749167
9957858
8393900
6550862
1031750
8089232
8744787
718615
4688586
7993114
2362678
7582748
2855323
3501789
9049084
266884
4597033
9374806
190346
5725543
7507298
7234259
2572520
5484275
7699743
9068727
8054241
1414899
8095546
3504118
4976880
3394779
4077161
3787493
8401842
6568260
5512313
3466625
2689215
4677263
2837207
3173486
7670266
1558265
5519053
4722568
9257403
7069541
7302505
6826526
1168935
9531330
7097928
2101947
4172986
2028966
8635011
5722715
2386063
8517725
6054448
5186090
2263005
5128359
2452167
9703954
7704361
5879992
9420668
7003544
4954204
8833677
2049740
9723792
8430663
7110715
599757
5153743
7217824
774351
9020980
6136333
2646749
9030144
4766384
5347460
3350215
8670082
856721
6137788
2345874
5400781
4352032
743068
9407464
6872999
8836358
3334372
668923
6424061
7960098
6230719
7847354
1970431
3085957
680236
4744205
3951540
3360527
2142104
766512
9744024
9056886
9857874
9101408
5875873
2101296
2503697
5371895
1907418
9431318
3281508
5855239
2522359
3568004
6792089
5850005
9093510
4490847
8731515
4698611
5237131
9085745
9722915
2388410
6188649
1748359
2961111
2183757
6350345
638587
1604796
1467065
6010156
9462835
8409486
8669764
7941460
1903574
1681013
2433041
8060045
6058012
89651
1072463
2654627
7355958
8925285
8682089
6820838
1810168
7772471
7963986
7650672
9210746
7948084
2400266
5268334
7064574
9278221
3545683
9348135
1248782
4499324
6112806
3123073
6478055
1677679
1800846
5197737
3603170
9853022
4252765
4324258
3968801
1204120
2310462
7882680
1360308
7762190
6449354
615509
2398484
6288013
4537597
1135420
3791427
8888061
2384811
6229055
5703617
8358183
2374232
2126880
9283608
4981758
7616719
4327241
9605288
3122468
1252929
6401329
1424833
8600666
2007226
315004
3091276
3857484
9955059
4552736
8657265
8398434
8024118
388526
7558184
4408030
5029815
4794056
2881472
8950013
3217367
3832343
794775
2157384
9021760
3667292
1551782
1989086
349660
8754456
1541812
3487917
6787122
5778629
4628714
63247
7183906
3774570
5370104
5071497
7970916
8847096
6994019
7947910
3871891
2718991
9622260
9425710
2262387
2309879
224961
3847936
1559810
7157016
5643854
1642304
7593723
2467514
9621079
8426818
2304
8019257
3012078
5937875
9347711
8667956
486468
8373795
5834540
3328484
6592876
5720461
4129989
978836
4502730
8476853
4596408
32315
1854430
166182
7495683
9033341
3727238
1638298
7872027
1516242
4854900
6200975
5822209
9273614
2834648
1822354
2465460
1063167
528374
7317173
95777
2313175
8501222
8591311
1264622
2515961
4569479
2850801
791262
7751880
6434394
7868060
5358420
9749056
7741635
7936169
3139229
9797861
7375810
1762779
2619604
2907596
4619100
5973099
5301121
1847590
7105081
5987177
5965340
3495614
8516741
3035382
3883809
9498850
1546746
4232305
7108773
4811065
5098190
6673458
9602990
9370527
2158265
7257071
1317980
7884752
9356128
9828933
4302394
6552278
5652286
8377432
6188069
3707835
561981
2775703
7539762
4403276
3302163
6117920
3735664
300010
1965376
7361729
1488363
1164160
7583678
2700066
4048006
6685635
2308469
1454460
9698740
3208890
8737629
6196741
165920
8191785
3541464
412286
9198560
5923394
321811
7618024
4725400
8105713
8162657
9564966
6526775
7667571
639742
4830830
7957866
2068975
9892959
718763
8940096
6845351
9942873
7734964
1671307
6059918
2461271
3740742
9197506
2495273
9087946
5572011
8661282
8344226
3278662
9901305
557640
5696754
1518287
2780233
5098019
3893150
8986357
4797902
1320937
738091
4285010
2530049
4601646
8265892
7395744
6202551
7165774
3238250
9446249
4533039
3681493
3234852
6022026
6687471
4548879
7905238
2720147
2480283
3468813
9707913
4798469
5020621
7101632
7302258
3805166
8051794
7627291
6934176
7504114
9367061
627635
1793021
1789111
2216699
3532591
6865591
8489570
7504284
6897718
6415133
426686
2206689
703040
1981438
2214270
2151872
398822
9100086
9321250
7222264
551982
9388461
7566494
6708329
9251538
8587102
8429903
7707813
5254560
8121984
901590
6639286
1731206
9875756
6345007
5340038
4170830
1556941
6968718
3434065
6989818
5823795
3320980
178302
5629911
2702378
1495096
4783454
7992049
6505519
6618276
6164628
1534771
9074227
9400300
9635874
3194562
2122393
5418425
3091657
8059096
6155120
7428507
1180954
3201017
5737435
6539906
3705662
6977876
659731
7287460
2209111
8783161
3353885
5868008
1522594
9142772
3488575
4424569
6639954
4566505
8607681
6547564
3271991
8859040
1865964
5458902
7772703
7831392
7825469
8709227
2047775
7800542
9048125
2133603
4345316
1353901
7726898
6092603
767124
8683399
2222079
782430
204964
744535
6003123
9383496
5191468
8300502
326187
1669979
2956739
2742564
5909106
5855775
7695919
7321479
6558584
3655635
4408296
6778432
9655841
6123999
1417987
6634115
4487723
5163206
5441312
4706763
9475067
1786762
8064212
331797
9676870
7107034
5015062
4222122
4835580
8612939
1497290
6026597
4979935
9465229
6021764
3433853
3518574
580183
8077079
4048780
5852305
605176
2090219
2594343
4243120
9375724
4460894
3094840
1388912
6829343
6327022
6946917
1967073
3754918
1397754
5483718
8545644
339882
5699433
3022176
2661854
6304940
8605137
784904
2797196
2557351
6381402
336944
6641619
9026604
4317621
4888082
5620937
8091120
8568034
5002821
3775088
1235449
2934555
7944350
3003748
2217391
1489652
8800557
3697763
7657664
7906564
6720515
1841811
5306497
2598879
8375163
9963244
2714535
4968860
9276787
2241370
9256940
6866234
6418102
4891550
5170388
474438
880738
3769348
1531058
7875181
8052405
6494617
8627881
8467775
5312418
6029727
2503324
5693530
8220613
2239884
7304662
6889890
7271601
6799510
2419566
5211263
9601003
3177577
5112626
5534620
4039482
1607941
3402568
1014359
4591755
7347911
4117227
8071656
5454734
3816388
6529285
9822248
2741221
1125490
9609588
5972504
6800161
994697
8405505
8524656
259922
4070988
1897461
2681248
6452337
8246588
4544712
9625390
4057526
5042749
1482711
6968802
5406743
9927776
757244
8437160
7485765
7776486
8441269
3499102
5251941
9701142
7080839
4194043
945283
2981279
1377527
4750707
1699822
520276
6195981
2149957
8496567
5635218
5245413
5491374
2285403
4321145
4808399
9040104
1090672
4927059
7311652
8600705
3096853
4826053
6042626
7697955
9341099
9128345
6908669
910065
139388
464986
915382
9922755
4299751
5756662
9527499
6748689
9493526
2551812
9821733
1486678
311714
9770785
5644841
3136354
4479545
4012198
2724167
8561371
4684623
5975503
6036410
9305479
5743507
7879844
3726491
3107106
7787745
2502434
3544725
3513550
4364575
7102711
7537514
3029848
24984
4137866
9780773
2138814
8602193
1578154
142710
1382472
1126257
4812247
8892228
6970636
1420798
6424586
3256335
7613387
9161078
4850947
1511032
1857794
8422875
9927188
3499742
9910534
1780247
277320
9699652
5683249
3474956
1925949
5578765
1893788
873195
9910286
9736754
9564995
3798422
3792324
7331744
5350945
3327458
5293544
978632
4697623
5147994
5466071
9075409
5261805
6009027
719820
7519873
3930252
3044764
3787064
5470721
7889192
4535168
8701239
5113366
5561178
853339
9198432
3772072
5114585
1841118
9343568
2333590
8734521
1886267
1927794
668079
4538667
110390
843275
4500640
3252621
3381492
2657252
1932033
4638913
9609967
465404
7434809
3307530
1514393
7190976
7944991
8542166
5449090
54283
6460787
9499478
394248
3848088
6340265
5814951
5428960
4508044
1359912
1086400
3819050
8817173
2774200
3762854
4183703
694237
8472974
6536665
9552477
6431321
2176051
5541032
787290
8345044
285318
4758684
5933251
1249110
2372851
491435
5962515
5644348
7425762
9294330
9547779
1433888
2578730
6896192
2000075
6452026
3837966
1143138
68930
9127796
9996427
2892076
3404753
887666
8987719
2350593
3233737
5649479
9104523
5376603
7052639
2086216
7071333
3008455
8723018
7005310
2973244
2573704
7096354
8084684
6568529
5601934
192216
6622321
2466352
5261377
6051574
2066618
8849522
6588467
9176168
4412890
8374966
330792
1491699
8132097
5786939
8029989
714260
4947924
8228946
8097872
2985210
5899910
9076473
3150784
6646765
8088000
1073384
2341257
3245836
9118679
6054125
5694713
4702904
3784538
3122121
3394859
5705810
2657627
2583614
7683320
8163488
3331263
7572335
3878626
7165440
5735603
6776040
661635
6903548
1467974
6944338
4502668
7020287
2785123
2077884
3116288
311184
5447408
2462067
5072268
8003888
7646146
675665
6142791
1935689
2625805
731762
2561210
8589506
8845166
318775
4347529
4272525
3642184
9520382
2549425
9366371
1800640
6818924
56697
4069398
4085104
3659561
914709
3361924
6055992
4419770
4957831
217126
258952
4287128
3720110
441013
484841
572870
49730
2798485
8020617
3496505
7450261
4173976
677324
8719346
4536764
3413162
7050801
5377293
58728
1914174
9745802
1332657
9976623
3508222
8320836
910643
8048208
3534645
2852470
4691697
2358891
6655763
8737440
5946730
3435141
1488905
3985208
6736280
8602519
4077398
1998963
4074012
274285
8433611
933634
2524772
8839365
1534687
8129942
2552401
2243184
2282290
3327050
7405070
9578695
3594958
9085424
1237377
4696471
4334757
9674467
8339124
5616898
9760890
7395740
46578
8289730
5314696
4881327
5856407
5182535
3250463
3006865
185161
9640869
4680056
2806622
6642810
9064558
5116120
4119856
1809209
1773652
9641217
1782831
9534361
6356322
1098797
5733907
5525300
9399882
8231063
7690934
96358
1681792
4184167
3035324
4867108
6051336
8860505
7767902
3613265
907584
5983611
7740454
8294240
4567874
3645621
3998143
2164072
3154446
4675948
9619107
1107954
4062041
5922083
876392
7382349
2181419
1407871
363467
8017736
6693186
7655072
2916347
6706620
1344442
6782190
3478262
2373067
8321401
705162
4848971
869408
7496768
6559018
8123761
7695233
4763748
1898454
1816777
9964045
7239408
541167
9204039
4959452
2888258
4467018
3232756
1628771
1544042
7168592
9424610
4240890
5965256
7881544
4169957
6037308
2291531
8014584
9264539
3523409
1961635
2540613
3407652
2580134
1948090
3642170
4100882
7969263
4212870
9961876
8437866
1942968
503219
9057648
160964
9537588
871037
199382
6074423
1893398
7452515
9825857
6526928
8198226
6674561
8023404
2424591
4193755
6870089
9494215
8516037
2915369
5424254
2718607
4440789
680329
1089003
454646
6330638
6298625
2634526
4225814
8563619
9533775
4790002
1410257
5998351
7529940
4501045
7620606
9167402
1717346
1609138
890540
9228247
7595483
4992442
7229777
9845426
6867184
3316046
7774454
4100659
8967982
2120039
8296831
1094757
8764360
4805925
8893932
3926328
2807884
6144085
6695137
8506705
3738664
1575508
3719656
4754013
5623786
3527680
2780791
2951616
2449721
2447315
4651400
6693990
9745293
8587884
2349706
1670367
8890635
4008843
5153149
9495912
7144288
5510907
3341299
1292605
4123800
3870694
2285749
7963217
1588484
9389884
7349154
9016820
1604681
9983850
1685419
6674383
7136717
3728618
6238219
8014953
3692248
2636895
9261889
1722630
3786617
3517789
6774646
7646680
1132633
7266342
3582334
9034920
3841767
2996613
7496113
7647721
6724955
6259420
3198887
4350531
9248213
2353953
6763104
985393
5708408
2167046
2333159
5136460
7299338
8820996
3405395
2740510
7352018
6955477
9185080
2128296
9528545
5929770
5038580
3083539
3088331
7363718
3040252
5992628
9984952
8033517
3522301
2381249
5130318
3131604
8168612
6950455
4007738
8384647
8038143
8410052
8319700
4066261
6535473
8388800
4258175
6534890
5354534
4344369
2705152
3195076
4215984
315243
622795
912516
4198918
7324964
5294137
9231675
3374423
3616125
4741562
5263843
2249401
165940
4332755
2659389
558727
4297942
4523556
4719198
9905578
4853638
1563824
1310180
3920794
3205078
2304020
2277520
668619
5553449
3176868
6182170
2292346
5387189
510531
6194433
9248019
5588977
1662364
6053996
8050641
9488760
574321
8384114
7491502
9112374
3516103
2630282
8341420
2668335
4297234
4827718
6419558
1974229
6078086
5786690
4470146
5385457
6703963
31796
7101918
3116482
5208281
6791359
1984177
777255
6025205
721925
1118098
220009
7552938
9435992
2802436
953703
9144567
43360
6208317
3038924
5443523
944404
2374241
7130814
5992527
5470990
8534540
3343852
1087859
4357741
2271146
3867153
5275184
7339246
5398126
1363087
8379370
6099296
9002954
5001997
7745287
2105604
7376164
2467005
9713277
1826549
2279066
9544710
4332787
4901898
3833620
4972553
5830904
5474162
3770112
5966263
4472463
4063181
4729167
6176284
462032
8541272
8740478
8652205
3021472
4960891
2091532
5705971
9971713
805860
3964558
4081844
4504311
984304
5435265
8697230
8239818
9101477
741981
9610709
4683904
7330152
6561192
9460043
6134393
4066971
4390535
8056886
2833674
6289846
9864720
583888
6809994
4880002
5574344
2997682
2050451
5932260
8451673
7818714
9384016
7622080
7245400
8820968
2936595
9008559
2732040
9969403
9942399
7597180
8649390
693912
9061993
166609
4074181
1766368
8766022
5220010
5741716
4295449
1684336
9593509
9382577
1301821
2703630
1975449
1760681
3624269
6636948
5748284
9299906
6684578
5839025
7494771
1192827
499457
8258697
1738483
832020
4565250
4201762
3120640
3632841
8735811
2247092
4399303
6599962
9455076
5037326
2860528
7284352
5901864
2639019
8775231
3079426
6801481
8754645
6614582
6036345
7530675
5425932
607107
2042185
3699092
4596010
3574773
571455
4929693
997667
4687121
2439112
1426349
9794310
1266825
4837756
8173686
1801830
8928873
7159668
9917441
4726171
8590190
7804514
2811591
4939911
7811978
9953970
8775253
4266707
8491075
7421051
4961304
1019513
6841357
4742764
4281338
1383372
4841972
4345995
8092441
9389276
7357321
9192491
7905647
9655826
1485973
8724349
2065158
2107227
8014900
7421848
1219324
372892
7341417
5670776
6859380
1628858
6644117
4596868
4421978
4497796
2465775
1917345
9263714
5835339
4992835
7325125
9481719
3433218
2171289
7155377
105706
2136701
6959377
8306514
9784012
3315496
4785515
3292460
7021561
1988500
2292554
3899470
63757
751112
7356680
4338478
2976286
7800253
3692959
8416005
3979336
189960
7401464
4277624
7835378
5655558
5560280
8023738
3649519
167835
3735693
7547996
1387241
2398944
3999105
8424533
1365671
8767340
3556529
4567658
2078776
5109109
1499135
4015716
4867221
6392209
4909889
553957
1664951
9835269
6683191
2236915
1556917
5835595
8788520
5128892
2337472
429486
3150396
9039191
3524437
5672594
7306833
5542695
8694305
8753323
8663732
9612223
1118393
6730820
5689215
5317536
6589364
3412844
8964590
1567637
1983473
6496565
1113193
2810220
1000183
4199972
7792365
5619389
8741444
7435970
5214564
5178119
1949916
3469253
733266
7451069
2772554
498787
7119782
2888861
9310867
370018
9128678
6147836
962099
6200371
1915113
6586111
1635922
6839859
5883796
1140164
8493296
3375368
7515718
6205740
2993744
303713
1120708
324017
7580026
7534404
9559278
7908629
893114
7762858
8529980
9108940
4583606
7871713
1784305
5010287
7804540
6989868
8109269
4571040
8674768
8559595
2918373
4109881
2464829
9841196
3063758
3828802
8540965
168533
9482211
3115115
1642164
4808626
5413365
6921251
9439083
3322429
5785713
1525494
628992
8427818
7030179
217520
9004746
4068062
9013836
4921851
9873245
6606296
4550722
8494669
2262561
3157505
4002695
2498075
3404200
1735936
7780283
2225703
6700914
8949791
8681476
7826264
1060507
862177
8809198
5239114
7891852
9896618
8263223
8971452
9427576
8897173
6384111
4789913
4591185
7136935
2598592
2174089
8414207
1911758
1942420
7381714
5781106
2772071
5755780
4025343
9658939
5523527
9821258
5983340
6715222
625038
9208170
4432852
7455741
2197010
8611403
9490605
1446678
1367289
5151469
6113009
760200
361613
1287076
9530177
4741674
4884745
7126732
6523412
3343440
7480791
6820550
3546990
6998750
922959
6794662
7550751
9368946
4150198
8864807
2121618
1819785
1108185
6621859
1713163
3734026
793117
430278
235523
5453361
5665373
1066420
8276012
6528319
9621631
2486514
7573467
4337391
8150264
3302746
4079424
238301
7039075
977817
5591919
1672067
3464187
7206036
2921484
5355204
1688850
8058059
2906113
7050731
6404193
9660594
3187085
2399560
5237052
9573910
7531880
4741549
1807642
6580746
4759282
7487826
2978638
205982
8751618
998810
8239326
5508741
7212530
3607625
7783951
3579650
4032223
1048012
3604391
936059
1845613
4531877
9597637
1672622
2784410
7391858
6543933
4443822
4230211
425940
7655776
9195392
7588273
1710724
1404336
5021453
6733034
4006907
6018565
5762806
4450091
4505780
7588443
8544236
4150952
9433799
6978880
9657031
8919577
5324799
6045984
4050981
461770
5050569
7888946
8940795
7571563
7403384
6659479
3513681
4110318
5650200
8266350
2001918
8924714
4660385
3449611
5145098
2302239
706319
8540797
9989631
7015551
2932637
8110792
9563777
1749290
3477118
9506467
1978893
2597129
6184876
2935676
6869421
5997348
6692692
7064436
5079938
8622642
2872858
8350579
6928129
9438911
3807435
7485244
3805055
8597369
7081864
7976661
5924992
6230141
2828349
4471271
7634836
9131166
8154273
770890
6040169
4061108
2431303
8712216
9547778
4930970
1935025
1862860
6003021
8172789
8568593
6002956
33781
7315775
993955
1339332
8896292
9947893
1600965
1072945
169272
9153791
2449617
8931283
7112062
2114684
5087885
2287444
6228514
7292870
1828417
1439167
3482823
2147212
9698094
1345592
2781236
9177242
8835072
7235711
512106
3594924
6037163
805080
3629213
9275818
6519016
3123567
8609962
1907996
2854654
1102581
8893138
1401849
297080
3491692
5821707
7296649
600449
441526
1856843
4060205
5863821
7275091
9153821
3962345
2878096
1262246
739494
7300084
1820835
5097969
461662
3048242
8727558
4997128
6436519
8315161
2565375
4216175
9344006
9489614
1808315
5374803
1123943
8399310
2630816
3395243
1168037
6304664
6178776
3529930
8024899
1006158
3056691
7950194
4786530
3123064
8048229
6599836
7941840
5282199
2928977
5243372
8344011
4056034
7161264
4120848
4872498
3464954
4296583
8560025
630904
1757631
3636560
4801552
5317180
1464200
3680699
1600109
287721
9377868
2027793
4129684
1487903
6487838
780309
5845044
2164918
423467
9735096
4261113
5193507
7216583
8619428
1830599
8654718
983759
4549583
5431717
3168412
8823803
925057
8746482
5200164
4297515
1492833
8977394
2949504
9114902
1215556
1949006
9472132
5936139
3901106
964028
1179899
2071306
5861870
6907464
6573337
3976258
3291429
4076112
7813992
1837721
3832219
5790617
5364772
614599
3048313
9088847
4799956
9632813
7870172
6046560
8362542
4142163
6159047
2539678
8713972
7148934
3274823
8252324
2546311
9047729
4566530
457629
2007227
6047535
9112429
2344263
7526422
3810487
8670725
725559
677863
7923960
433419
1490559
5407783
7546919
596422
6279231
965391
8956864
1428926
2653462
1305573
397545
9314899
6967768
4022174
2797092
1843058
248018
4343405
3308235
7980048
4597075
3532620
5571295
66292
3860489
6934478
3760253
9808759
4352927
1012521
4607295
3723276
2779901
1600968
4407289
7556943
3550450
8514724
4905518
2204598
8488379
8729459
3825834
7212639
9671557
1912113
642386
3719415
939020
9643163
631613
5286525
6674284
6636048
2875447
6208445
2014519
8003183
4578005
44092
7195469
4432412
4884492
3828692
4497003
1347501
3847270
6192582
4928743
3801512
2937562
9785527
537440
1194103
1255608
9801859
307576
6042622
6770034
9516716
1217700
1794319
2183018
1679262
5067713
418319
5344254
2047224
1234280
2438413
7149153
3247743
1029667
8988275
6043213
3007956
3565464
9988181
8398957
4050976
5204421
872815
2439414
194084
3589935
1197836
9400504
6190200
3054747
34732
7201185
6974899
5598870
2456974
5707743
7275901
8163250
9790092
5952835
2139372
5607745
7314450
1625429
2554408
2586936
7907102
854515
7799029
3401283
9090100
8238479
8929799
5388256
986053
6094937
487237
2028747
3348281
4093291
2839814
3272409
9436180
2546270
3199404
9693443
1710504
1724947
3788436
5280683
2526234
4513823
9831155
7339649
5970865
5620951
4949539
9769036
6936570
4766283
9302068
3151802
4564378
2007622
4128201
914857
7244969
8615109
5581346
3317865
4916358
3321942
3082326
3761744
8626618
7100429
6469264
8291438
4709102
335319
7295148
7451650
4573985
2473955
2550421
8735793
2797929
1023829
82001
5987702
7744535
221295
3372011
4106898
9254006
8786277
4909549
4981375
9802437
535774
6411899
8355087
5953569
6325048
4095577
6521812
9049648
5750869
4536881
3748771
6755764
2647128
1517951
3940508
1338801
9435837
7990632
4581322
4987120
4747525
937329
3886425
200609
1886795
658244
9981153
2447437
2563157
7357426
5301315
1801955
3716902
5125757
305440
2945755
9810929
1682776
1230513
5770629
4197056
3650998
2282341
4702748
1350657
2948297
2539818
1147807
5094775
4844137
4075494
732415
7034792
6278852
2860549
7633876
6174462
3681306
8358652
9353614
5402599
7541824
4060800
7631061
5811715
6614475
4466365
5989068
6725573
8826326
645202
7944471
4922607
1092613
3402273
9089520
2549727
9184709
3504945
265172
5508166
5353929
5134294
7387038
6600994
3222480
6767704
9249842
6722963
32349
5031343
4737523
2202242
9125295
7167485
863724
9212082
6165963
6481430
1607392
8168122
6944453
2888646
539617
7111425
933633
4551803
7884825
1552002
3967146
1830082
6042533
1131481
1555243
1014360
6348040
1959766
661469
3060463
9196643
653820
8659276
4195520
700183
4076928
583792
3780892
9288196
6311111
9167016
635846
2731771
5197134
7153107
8503865
968718
1640712
4755456
665628
643048
5805231
3982121
5207334
7573619
6236301
9731485
6165774
4097201
3434387
9783871
4856363
3910860
8835328
8914271
1141622
180017
4293628
5662237
202829
4519733
6268147
4770296
8826862
267031
1533329
564722
6992642
8659570
3920302
883715
5169863
8740120
652296
8519953
5040311
6631454
2670459
4916499
8996778
6408980
1565153
7842141
2378063
5187613
2091872
3282980
4812623
8183888
5658975
3058373
389228
1125023
5227592
88820
3525297
7581114
9728559
8682580
7574981
1050093
2506766
9954300
3710744
9208741
9325668
2837515
7973634
2050789
535337
7208992
8943205
9238414
6641606
196654
890365
1519997
457705
6422477
9481294
9073156
3655196
8826305
4549818
3895114
7645433
3338026
3516112
7649744
3182601
8989278
1034259
6461218
2195054
1163282
7411798
9671849
7237755
8304387
3542579
7873402
2419402
4346187
5892963
4350657
5941453
944016
4565041
5550162
1200514
5288783
6854843
313943
2245113
6530689
4689934
360927
9652700
9225399
980935
9838937
761647
6268021
7976609
9790310
2279985
5815699
3936931
167332
5892902
8835284
9180215
9402955
1328133
8381184
9467658
9938121
4127427
8833526
9531652
4526396
4873188
6090230
5562189
5219538
4023152
3972199
9397937
6783584
6860571
5690973
6063859
1516596
5753215
7670394
5125959
7423809
3474650
7566678
1257752
6530213
3363462
7687327
6377915
3646884
2025655
3797829
4727091
7004137
6323817
1002
8384145
5569262
1618303
1056542
3667557
4768022
3233438
2460644
7565175
2347198
9673164
8826995
3731720
9622065
9958048
4756824
9821927
510403
2091307
6145061
6201374
6549220
2476555
4970234
3525693
9798771
2526714
3679900
4855239
1619709
3433243
6249991
8695649
6954949
7715001
8562688
4044047
6749529
7370181
2515645
6020858
3615182
5237891
8241798
8771347
8402381
5454906
7918747
1082985
2043002
569213
7047945
6619799
8948078
1499567
4894726
4339248
1073557
3634688
9336754
4228096
1282570
9199178
8117485
6463332
8073764
8759152
6042965
2043756
8852803
320333
7138775
5285355
9354791
7099962
5989482
5061859
5554083
7186991
636613
5516726
7904275
6079861
1132853
3025821
6422684
744513
6433492
6357213
8268454
4231945
5805013
6618025
5943528
6460331
7310720
4518250
5796310
5451304
8732064
8241489
169709
8658304
8825497
3320639
8682206
4906063
6833506
234357
8178218
9467982
6869284
5227010
4990914
6323888
6598071
6975926
8283597
1563532
2101992
3746057
5898400
2447154
9171622
5264969
8197852
4235693
2076470
7637447
9459303
8429848
8373996
4487233
1955850
8259282
2971206
9609559
139341
2355522
9563565
1623153
3671211
5325008
726153
1223027
6159771
1382471
1300013
114716
7900407
6631737
7111946
917523
1656869
898999
9814436
6059553
6778511
5875514
5202971
1307886
9833675
965174
5737553
3946258
1962332
5476495
7956264
8549617
5259812
6195013
9835890
3849815
6463508
7222210
4877099
5668134
6844727
6281380
558604
5897729
9233716
238308
8884032
7751825
2604106
6473808
9691325
5317411
2693032
8466334
7798061
1583587
6799904
3077748
5223545
7071338
7457951
2304697
5552461
8325208
9762495
8873707
3419582
1578336
7225434
2074585
2713880
9540071
6235305
1445184
7707124
276691
8333091
4710201
4887094
4636618
6924918
8790814
4299410
8526584
3896110
8442632
4442545
6730356
1955257
216080
1130749
7558832
1281953
1131248
9666964
1393030
2065620
952011
482397
9401613
2794208
8071622
8956875
3677141
1247603
8524514
9000075
7049457
1109161
2254110
1931873
4782400
3931355
6401787
633600
889267
8638693
5706153
2229556
6419199
5377669
7502166
7685449
4190750
8698232
291162
8343116
8736698
20616
2908506
4672373
1108310
4166218
3411141
3984836
6195030
3296493
2464289
8371756
5788717
1545204
6934883
7608429
7597657
7765115
568420
1383796
2242981
2936807
6483977
6938473
2139613
8764221
2700033
8526787
9068186
1978717
4396511
7094876
6211251
9645259
3572803
1440395
3806765
7357903
6246232
5556919
5198687
1327888
523158
116749
617873
9929778
6264295
4220535
2760600
6651368
7879628
1945075
5869343
5726619
4262243
5887310
1315402
8550873
2275806
5011459
1561647
4416138
275820
6670187
3611676
4449631
670027
2379543
3903955
6269678
451675
1203772
2289326
7000296
912425
4395507
9149646
3098948
9128629
9167369
5278538
3256715
8560065
591724
441103
3044579
8368154
8505536
7793389
2456596
7989143
9197800
8926525
9502513
4407661
3181145
9564124
1589571
5780801
3594111
508557
8489989
5827982
24511
8574646
5948044
2383032
6766986
1908998
4908878
3444803
7149889
3698859
7476041
7342008
8425700
4577672
3623813
7250791
1841331
5294921
711202
5445660
824837
9804767
4319677
4985371
7976895
5206985
3727224
7829856
7527263
5210534
5812072
7868606
4434205
7585600
8581937
2658095
2120845
1604831
6145076
6909354
2104458
2639936
6910235
4701284
4223667
7265438
1485560
9169138
3064932
7920848
4340176
2342431
5200872
8779384
8795492
825942
8856415
4224750
2103011
1332616
7206348
4287410
7962391
8348861
7379646
5895185
660657
3376974
4562458
8040761
4547031
5978388
76089
8370694
4960597
8649117
1252205
210760
3869645
9725559
2753321
657637
4284408
55182
4668658
2385067
3076214
2546121
9287051
576993
8161946
3134530
3696831
5725389
7232991
5985410
8940785
6177978
4453217
1190461
2804003
6587876
4218403
8664082
4180418
2302209
1424088
7540888
7670548
5398290
9199813
9782034
7761226
2392521
8123618
4492064
8699616
9826498
9429937
7506749
4403298
861080
1073608
7946299
7913591
6197481
5540158
3027111
1201247
7288859
3792607
5216114
4226594
3677049
3911568
9015456
1045032
6546913
2322687
3920329
8563154
9710237
7061829
7747747
5397054
5088595
4360284
5612719
1227743
1408319
4808819
9214956
6889041
7858233
9487460
6230561
775343
9327556
7773944
9639517
389278
6232385
9306192
578762
3231896
3407441
6244582
9556963
3938939
1672779
49740
1920404
8569561
5417827
3458008
5753464
5167556
3313729
2160471
8067961
4753336
3541892
2465009
8090326
2966810
7997624
6803749
2969333
4219768
7918927
9140655
8964593
8757485
391894
9630118
5388193
7724727
8141384
1759860
866379
3445138
6008452
4883240
9896433
7003263
4239421
4066800
5785524
7708965
9221138
8278715
67415
3125648
8606168
1596145
3672088
9113605
1719882
4303042
8976795
9406685
7459846
7013316
6236528
6751411
1288453
7904124
8058948
4889309
1083615
9717049
4670464
5237951
9461057
984516
7033336
3832717
1780982
8042883
7245327
800642
1889642
7527240
1344012
8475452
9803489
8664314
1310803
9104897
4039705
901524
2717448
8750039
299206
3468399
9367502
4216992
8893135
5632103
2801257
8166624
3538798
7582960
4277028
5637204
5389884
4019328
996702
2650389
1875912
4544706
7122110
1803363
9987415
8513529
2206109
2065213
8494778
9210710
5537316
5892234
6727960
6506938
8145808
8782420
5342665
9381549
8966301
5221991
2881645
8346437
3150505
3553329
395774
1709582
1711878
2892002
9015604
7866464
2296939
1257229
640471
3548239
1205401
4257907
1306280
1777350
5177094
8058787
4936908
7854525
4095330
3753162
9041761
3033682
3158864
9114011
6924076
1951193
4049568
6057991
4124806
86157
9439332
1455304
4258871
3185581
8729218
8529912
2009488
26102
6969319
635566
5733995
9921379
9066949
192558
8554675
1735690
636225
9844276
1801189
5787238
8872850
3878032
9206954
3275028
3203505
9122302
6119420
7632417
3942618
9135679
8412876
4563923
1056904
1307779
4171278
8461965
1778460
5051274
5881457
6272691
2205150
2051793
5081491
2909267
3694983
8741357
5194151
9690451
2472937
8004998
1219939
4459695
9411763
532376
8242462
6333785
8572447
3348819
2651911
8188276
4554166
2846383
7699601
3276297
571364
9613363
7793359
6406605
870713
2105032
2078210
3498987
8843450
2262803
4769764
7817711
2252861
2290782
290692
2337289
359101
7304963
5799575
7228666
387803
2373164
3839943
4494343
5099512
7996638
6591384
7097826
1352324
6553127
6629708
5776401
5854094
4843109
3285650
4836741
78646
9004085
3634565
5169836
8889623
2758082
9412991
9854288
8558662
4573245
5750614
3833099
3664061
1931953
369366
9733461
8415766
3857430
8348638
7515921
8484713
1603770
4764548
1514412
5157876
3678349
556389
6387711
184374
3315699
1643247
99562
6668662
7379706
3450204
921835
499651
659623
526124
3002890
9266675
3595322
3581835
9516299
1925806
726331
560988
4501816
324032
4611707
9364960
8688757
1035342
2051696
8642227
8959051
7845533
9194521
321672
799822
5296259
7119638
8827846
6291218
4954506
3869781
6882125
4936896
2683581
132284
4023472
4428492
686203
5017715
9297138
3765956
7031823
7368557
3238656
9669938
5515162
4437039
2816460
9114337
544589
5270306
5029850
6149367
3366555
2780380
2478853
1061071
7976331
3278554
4718057
6584154
492973
1785309
610924
6718683
2424300
251706
6048872
3247591
9464885
674507
9903550
2519522
6892385
5022120
4298156
2701820
9771648
571277
6166746
1942945
1523607
8437274
7904716
5609233
3866831
6533849
6117795
6472267
9754705
6629561
3376245
4925192
2344692
8280696
497835
3337257
1251092
5972814
9717657
2773685
8186357
9133989
3985158
2581903
8804877
8846685
816323
1650587
6184653
6484040
1318976
9407402
1201454
2448046
7857696
5484828
2491555
7134986
6273031
3099691
4999317
1065963
3148879
4252183
2291121
6579575
5307181
3395547
3032272
3329263
1816460
3671414
2451381
5494187
3108256
6568691
1976079
9902705
9323638
2972151
4167981
4908585
6533830
2895515
98816
336243
1257843
5177276
9258418
8248363
6159534
2213145
1061057
9227038
2139998
7179009
6923895
2003918
1317083
9812354
3899042
7935791
9184466
3546012
5930544
2837590
1190600
3997530
4039283
6155272
7729466
5324478
9803195
2571917
5699027
8951840
5607181
3499343
4150780
931554
4210984
2606268
4768041
9899258
2881830
8100192
2091467
9058331
5769914
5427029
5078645
79792
1651645
8227981
799159
888853
8666753
5578802
9167766
9152647
7519913
1412062
5506561
4522816
9309064
9445492
5883362
5305200
6871130
9604386
542940
1955459
6467532
2691304
1326400
3552870
5424883
855965
6649028
1739259
976354
9513249
4147139
1279756
219357
5578967
840661
9959988
8359431
6513396
2822268
4951827
522450
2279933
7792217
9263372
5359888
8655627
4165319
5508984
8197421
4109601
9656124
2223537
7570400
8862640
4104011
7568598
4234342
311918
3212415
4340155
4124981
4316700
8263284
3505540
6706635
8730557
1802163
6923489
9752507
9456745
3511927
4601477
3285884
3401738
5514218
2109822
7459265
8875935
8450642
131299
5089693
99059
9604261
1275878
3693081
2966370
9709155
7100817
5106011
4610439
2770783
3222561
6409054
8748739
7629844
5326822
8723265
4096987
2735124
9912717
5334465
298907
6613247
8377696
9228474
2377247
9695263
4702501
7421233
9733164
7752890
4841456
6080262
5462236
2586445
186162
6807835
3587114
1285770
5187487
5897570
9086380
1615812
2951201
6814567
3772997
2951226
3006592
3925961
8280112
7138394
8260474
2254996
8404364
4434521
1584476
985590
4229235
9929432
1441742
142314
3401236
948767
9709102
9230475
615746
1283027
7421404
6577886
4948909
3561835
1660354
2363877
7689164
638813
7063210
5629872
8263128
6048870
4028212
7962062
2988037
2642220
7047057
3740274
8128643
2989413
361522
9859099
7451354
8053000
3146770
4219814
3066136
6051378
4994745
7016263
2788215
279340
5301305
8045818
3678493
2222849
7973423
9467141
6177989
181455
5432745
104397
7798599
7361385
8349734
9505227
7196081
5261423
9652036
8862099
1424187
767538
9704891
8324760
9874740
8805681
5706391
6621276
6068812
9872622
3113472
9014286
8828639
565235
881233
3110327
742109
4305222
7992949
3809445
3221019
8495125
821507
6282500
3461894
6837322
7193841
110199
9326106
3307080
5428157
291747
7340254
2229760
9274252
9219792
4053772
7737644
9396127
3456200
3170446
7530685
989186
5500909
608522
2085384
1076313
871606
9450535
8913331
9769097
4137357
5536511
9298108
8297463
1900043
8567328
1218504
2193483
1852339
8815994
2385514
5068054
1180662
8118155
7792296
4133128
5568766
346030
6236264
6153590
363256
1473291
9372665
3817296
3655380
8324013
7727352
4208493
6480792
4864097
3013073
8974647
8390174
6219719
4380036
8228155
3051348
4578392
8817976
8690427
522748
4437634
5568334
2572391
6264944
971582
7623325
1934249
4427925
4343984
355586
6788516
6090209
6653960
4898181
5602525
4322929
2356331
9364841
2002691
4409329
5488528
2806092
4951880
6550453
3403715
7616382
6404861
272198
4579145
4678549
2729882
6005263
4800031
8357421
8276372
1230137
1476522
6362507
4296559
338649
6444335
989743
7724989
6024132
6037340
2744552
1266961
385679
9482575
8409728
2186115
6840843
7163284
1451212
5277908
3115552
3783038
2044508
4739319
2468022
4332601
1201056
2748806
1247380
5950663
1453972
2316699
8942388
703312
764680
8809118
9455978
3723850
9207080
7914603
3589180
5608932
7979500
3282952
3123414
5082560
6611059
73891
8625222
4662483
2820948
8131759
3511606
1276475
2692773
2483703
5914637
7529068
3363942
7432336
6467550
9991542
6051101
6759589
2660452
6191090
4509867
2894078
7231085
7150872
9076067
712295
7994421
5190618
7983082
3128423
1055313
4974496
6560626
7554423
2161428
9634959
7376139
831402
4834636
9222638
2154
901700
7427594
4162530
7837846
6478122
3295909
6275680
7176222
9949781
612502
7843876
3711729
4248303
66743
1177590
5277074
246728
7643632
7647028
9983374
1149972
5107441
4807134
6873907
8663468
1441028
8796709
4018316
1321102
5115349
6096268
9863790
6437428
6571034
9235116
8877658
3566171
2064661
2288676
2037343
2643495
6300228
7271105
1482467
9720755
5955618
516172
7574320
6675257
9688885
2275879
5870023
9018916
4848457
907989
3629093
2001722
1939528
9526766
6629556
5049674
8375977
3474843
2331879
8798814
403267
6656591
3638436
7772458
1252594
5281753
302562
1253075
4562192
6290762
9203882
4619975
1792646
7828525
2986974
2950002
6813561
5788715
4833708
6819664
9836461
1974489
2832996
6268783
8920254
9023009
8282796
1404351
8740492
6247022
1509256
6306468
7659085
4082621
812802
8092859
2839072
8046876
2138731
7353295
7591269
2014985
9066477
5399607
5505236
5823482
1684508
4338006
7180097
5582766
2354339
5771469
7948091
1769658
304691
5747799
1485384
6085319
7885680
3655280
2522270
801489
6536232
126819
1319174
4839150
8473724
8498725
8639189
5127557
7860190
8483159
2274194
3863580
8874827
8812955
6686071
227545
9439519
8409890
443552
5683853
7010492
1136096
5835643
3401798
1325857
6725184
4816003
2926720
2599786
8793722
6920634
3534902
2524814
823660
5081537
2220023
7774230
3071086
8902443
1286865
6720362
6145031
5784630
4584480
6218066
7014615
7306609
2427744
9772858
8020635
357417
6333248
8274690
5365856
5412645
8960220
9570676
9357497
4554675
149661
6744735
9722988
714693
402955
4835320
6485536
4628830
3053134
565561
2363562
4705721
6239441
2694947
2932121
2349585
728534
3538656
2890615
3216492
1378940
8861901
2426405
3873860
8182700
3135249
7051784
34311
8338645
8103618
79735
9507581
4963370
5527909
5597793
2890943
9609617
5070364
990938
9471462
4039898
1286062
9093078
8113416
1890406
1011600
3541102
643404
7948276
1788853
4514970
4826621
3916362
2310957
3796570
8351032
3870691
7287651
5805444
6638947
2820763
3017289
7936676
358278
884845
131967
3490851
4265357
796587
3303979
2122419
2228520
614782
4381079
1554613
3604856
5374893
4884009
2411471
3474778
3836141
5833660
548963
9343071
9572970
3242359
4488095
3437299
8779555
5609652
2546615
4233698
1765122
519560
974963
3532414
4103226
9732631
1717611
2964594
6268717
9019665
1431298
8447808
298196
7007889
9875112
9146675
4753043
1741883
2728116
6158987
5369793
346818
3961051
4915828
9755266
1038395
361862
7589779
1186968
46923
2328850
251790
7264008
1798496
8705679
5492655
3501877
6610080
8992983
6436362
2813405
8741741
2439619
7997638
5334406
8869460
4286044
9051267
7788602
9746232
9711869
5577248
4370011
4970420
7614681
6206410
5132043
7508426
9880379
1617301
8298112
3403265
2716049
3523393
4669776
1105672
4856876
1229677
6821073
4158680
7584692
5489873
4845235
8695900
6766626
2343647
5222768
2537987
4309100
1033618
7796484
8334645
6489926
7050260
9929541
5501609
8930697
5201707
5758809
4063211
8082117
3226051
1500382
3462988
5928591
5863054
5365188
7838309
8500261
9349978
6066072
3334946
1897810
6923414
1811095
1540449
9377043
2609641
2709955
7790258
82596
1311244
3663117
6595574
4007697
2233697
9125475
9038020
4436927
9248500
4629859
4818331
4552385
7611798
1629747
9161568
3439387
7653780
6596865
1439282
5546967
8583224
2744288
5706158
9197173
7581223
4809655
2508348
7187521
68242
4028501
6381934
6512845
7990123
1781832
4290323
5952487
8084552
8699404
687510
4773161
1221707
3598361
3802773
9867758
7704525
36102
443410
1816495
1209412
506876
2627004
2240444
7038567
1978172
7177368
5940151
944320
6784035
4927502
5154284
1054926
1419491
8281194
2485899
1315630
4347885
3379420
1480612
2093211
5564593
2852486
2798379
5836723
4560845
2764620
7860105
9340287
8124132
4644452
1114177
6734602
7130791
3657799
8956328
4516319
8088576
6179974
8215313
4452554
1687533
2148661
2573555
7697348
985352
7863774
1427906
6689115
9358865
5774
6454105
6710604
9481251
5263537
2410272
1255473
9378134
3015732
9715279
847682
9883320
2970807
7815957
9743756
7832516
3358909
4570157
2130032
7890037
870369
1891436
2402918
6413168
3260416
1345578
9417200
9857524
6005333
4665997
3995374
3425423
8387165
6312145
1728308
4067518
1804967
4553144
8035415
5495158
92854
9742494
9488882
4572295
7855592
6527408
8552735
1993528
1894632
7716340
92976
4512911
6679471
5104747
9442617
7806061
232945
498624
3148711
7020850
9181865
6060482
5434850
2513220
9940396
8349714
5802010
4081264
5726594
7425496
3495948
6299745
7795301
3786630
964286
6350427
5287612
8396866
6156880
8111844
4068378
5246655
5540205
6396202
8579103
5746966
8406299
9597199
5880456
8680650
3653783
58871
4777501
297671
140695
8031822
1730932
9727377
1529036
318877
9990503
5814244
3061740
8024376
9377600
74082
2440028
724345
2797308
7820706
6701764
6648402
5540652
135249
7433809
1932561
2887640
9834777
2713501
2598088
9706719
6213479
8338680
9995294
6005491
1405740
7753190
1341715
5198834
8517669
529933
249014
4530381
4337493
2634060
3662820
3835282
1303327
9582012
478158
6824197
4713410
8842684
1320766
4182903
7976465
6063377
4483670
7556476
4777109
4121359
7977954
7989527
4025112
9325496
6168420
7840479
8296979
7822277
7025074
3755221
9896966
7339018
3815309
8010608
7703871
4083707
8622624
7022484
2587925
3753415
862203
4824135
3757455
2081571
4761591
6568723
9011255
4920435
7528492
4543347
5173129
7613584
6986084
4899678
1382010
2147141
5383476
6132622
8359059
6978272
2657461
3903499
555589
128885
7984883
4878482
333358
1574150
3601303
4514940
6425894
7947067
4000155
5723419
5922796
3548372
9539398
6855753
7807641
1272237
1579038
9389196
8565036
7258724
2570848
4930529
30591
3768840
2773244
1349894
1732990
6989761
2004949
2512541
9270563
2071655
3151821
5193387
2689320
8072510
4197920
5990765
408046
3012046
5795365
6298160
7258462
8614572
6594621
1563062
6056241
4005469
7296571
9076282
5899762
5955788
9132699
9010448
7040439
3095172
7371049
6201599
9057381
9104769
591163
6832849
3805516
3805123
8071883
3172693
1606095
9836993
6951111
2480850
9951082
1763382
8701214
1940350
7145773
8370466
4488095
4095105
5216272
921013
4123200
4424662
2093445
1491479
6845381
9643872
2959157
4197166
3282463
5338161
3517437
5412896
6935522
5905663
6958262
7113869
3819144
5073556
2283332
9202737
4613867
5910344
3097023
6865659
9152615
5608691
4900034
161605
3293864
3598442
5570183
4928528
9987768
4056469
8206422
5622945
6131516
5835773
2821039
6141586
3268994
6878083
399908
3386270
3903886
8070510
135206
5506777
8547581
9297383
6865655
2374315
7927424
5869936
7804699
4647175
2739188
7937947
5033357
4145828
7593089
1593998
8029735
9520864
9180352
3706184
8353496
569746
9000970
1032226
8005116
2511679
8921947
9924156
7658895
7190430
7333898
9919353
6252972
3024297
476996
7936799
7536679
6853348
6488873
1736894
4936672
6027491
600297
2918320
6875901
5381286
6380493
2131190
8552595
995465
9999009
9900591
903189
1321477
2131335
8246955
9383965
1566310
3368150
3421514
7919427
5729133
4098387
1738595
3048014
4712984
9902391
7001980
4352007
9097332
3622809
9349608
1934671
7249296
2851128
8487063
9318673
4513730
4262223
3371056
2052888
3748256
7416966
5788845
6165819
9443131
3025981
1352487
6342941
4541833
6305448
1637020
9874879
5014656
985173
422206
401758
9568050
8255143
1501331
2359047
9610706
8697117
5864260
6097540
5762310
8816411
625147
8731794
2455069
1330054
7060985
5939612
9857062
430745
7963733
4210887
1982995
8934925
3168482
4608838
5714962
2309830
5006919
6521639
5190660
5672701
5801457
441275
9518562
9384804
914531
3988828
8102565
4819741
2510840
8464690
76684
9975097
2232632
8470884
3074927
962321
5433219
3230754
5635736
1764188
3284834
9159951
5136946
3749560
265658
7688170
2860255
74250
9807005
4226009
3381605
1886657
8666007
6540958
9241413
5479257
2336821
2297111
2131510
3504005
4359465
1048263
4621500
1694973
3171843
1632981
5483330
4249296
8819042
8500240
1351422
8211174
9462989
4498410
2633305
6580943
7712221
1913114
1030564
8450669
9639682
6506612
5223218
3062768
4302813
7301596
681712
9504576
3476946
9494454
576872
2650161
2896566
2335647
2565015
3868098
8427361
341241
8050291
963379
946621
9539726
9765117
1975289
9724909
8907247
4045605
9324994
9244705
2340190
1265040
9593121
6979167
9656938
2790706
6480960
2926719
4913583
2521746
3301174
5571940
8230186
9536774
3554981
7651600
5737244
6302708
9473335
9327980
4104115
1919704
1723466
5142490
2761374
6985778
1423788
1467637
8820618
1969494
645227
2789911
8397801
685137
373053
8450721
856589
1701617
8470515
313523
8399369
6236257
7006247
7108623
6123731
6780945
5819527
2388285
4749821
7367330
4968611
324027
4617674
692546
4280441
6534038
9759789
887162
5771454
3847158
786502
5152224
5033471
3672621
4453581
9396425
9075660
3654293
2143276
7339446
3858734
6778277
7445200
2542142
9149464
7193872
1017808
5455491
9049677
7962139
8638898
4590246
7709762
7873228
7778486
5210020
8990931
403323
4768167
4145818
8495826
6958586
910030
5955142
6690995
4318673
4538262
5595002
165220
2494738
935474
4512749
3046502
7118016
5351053
7052779
2111516
9834592
8720336
2457841
6990599
1206255
7944900
9654689
6061533
700015
8173946
1629536
5438182
403201
7936252
4721337
4944325
3513939
4599463
4161924
6049946
7048669
7689102
5352401
2787615
2156862
8393545
810444
2302224
6673069
5869622
4624447
8578650
9745568
5663003
4056919
6870333
9737217
1252632
8712400
5307994
6294768
6927277
7334010
8304566
4820099
547211
1989642
6556905
9022361
1690811
7966684
8095838
6092570
5424767
6500781
1352807
8153724
428313
745901
9535268
912090
3460992
6128431
8112643
9511268
3515014
5407255
8877851
7157982
3370462
5179085
4231323
2931136
6792395
6240829
3838691
8051932
6263752
1822579
3535692
4466253
9430916
4888678
7352775
6573165
9422265
1174827
8031405
4023311
5380672
7621300
516337
7454731
6998182
1802450
8680854
6848959
7947527
9049989
2007216
4447912
8138923
6075977
3264734
9203421
5673839
5413505
5236290
5531793
3552622
8045312
2467698
7144097
3328082
9796860
8252783
280985
1507620
9916800
2302049
4474697
8554895
6274165
3664954
4523502
7652198
6505937
4256701
9189830
3004484
1109805
3601401
9906551
3600088
7102444
507811
8247387
4907028
3415030
2470375
1266609
8755598
3326144
7821953
3116734
3828951
2648135
1644394
6472765
3651366
3103871
2358892
7955379
9368823
5879177
7626867
8200852
1351187
1211771
8393257
9626416
5234908
3163251
8241317
5118639
8512482
2199956
5059360
9622470
2664303
3890535
8714942
7044421
9886814
1123156
5319485
4213235
6578396
4429026
2687382
4783652
1828258
5043661
2259142
7265726
5571710
8148567
7435415
2029703
5575064
7534339
5176351
2976834
322792
846995
4768953
7421175
1884625
6978630
9765842
3773382
9541528
5968485
1766714
7857972
8001729
2905437
313260
10228
7429889
6190557
3584185
7921905
9465083
6452697
7565573
6772572
8878662
8430148
5207295
1144928
4874036
4829940
705251
9841398
9914316
1756014
2805552
961304
870270
3456416
1096026
7235647
8342772
3913389
6902837
9768226
3149883
4602326
2594000
2519647
6847033
6175060
5896107
6996126
854799
2365384
8006758
7901993
5435103
8371123
4146999
2078598
3940496
822637
3321443
1288198
910755
8760094
6642373
8956976
871092
3009052
3539769
4924484
9551097
7382800
536301
6151748
471488
4820348
5119348
9583527
8007461
5980336
5063398
2699520
8626505
9633262
7905840
8952700
6168440
707150
281412
814434
3512352
321487
6708510
868134
2755728
4200827
8504738
2500209
9622582
3295765
3087063
4430589
4130957
1537136
9884976
2887454
5984237
289741
1841439
3155623
1800165
2212323
5593680
657686
2370172
6993027
6130
8803534
6938469
9164222
2763384
1314845
6394391
134426
3829019
5951264
1706657
8137116
5655704
7013083
7805706
9957124
5440262
1100227
6196676
5953555
4854151
2778655
986095
461665
1754610
9061759
6784615
3253678
419413
6684062
6693934
7494591
1385219
4046836
818769
9096067
142598
7444006
5964794
5831685
244197
7510134
936818
1659165
4501772
8425873
2955871
9420030
4193739
3305277
1058810
941246
7781227
8421614
8736826
6040363
6887857
4263539
6125054
8178898
4754599
1956082
1759707
8942227
1288319
8292653
7274716
4928868
5055591
7808471
5771934
851811
6426300
2232293
9467391
6862195
7623346
1235221
617802
1532479
7393063
8125518
4441428
5863178
400829
3874811
7443189
5154118
8370603
7865369
6787575
5192561
6586578
7800012
8523360
4343256
7009868
2744270
8256115
595734
719326
3853097
4950029
2096272
2509952
5840265
9411412
936201
436119
8834820
2590787
9110273
4096000
7646117
4042706
1065394
4318821
6972161
7326206
9095540
4207331
223082
6731329
6275194
9726677
8204202
1590278
6250489
200951
8579799
7777223
9774816
1128615
7141332
5207693
2347835
7260981
1434101
1371835
5320615
3091277
8591737
49821
7067109
5695590
5897781
3529734
2515346
5545827
4320618
196623
8323575
7301035
5898006
2783537
3706213
154797
3984768
9334945
4533538
1492800
3407949
5375755
3910386
1934707
9288756
9795744
4676809
6787643
8345067
3365381
4053596
5677278
2303711
4589255
5503573
4063514
4749021
7339126
5044803
5756987
2110099
2685273
3032815
1563080
6373842
8117278
8130045
6730597
9264364
8687506
8661381
6340934
2719244
2598796
7636721
6142894
9629822
9943299
9246290
1421466
4177642
668951
9858676
4917032
7382353
5983104
8010296
4515977
7912923
7975293
6207614
2294395
6368374
9575514
3402765
7139039
3687260
7652306
9920947
7806025
3233938
4369991
7020132
7821705
9760423
3456042
2350713
5441379
1492838
7283704
6055332
4283235
9287869
3986518
2217711
2916652
4462103
3242137
7304536
197200
7359389
5515884
4383503
4978240
7138592
4202798
6107440
8067460
9448199
4878948
7874294
6026609
9201377
190140
4212270
1821616
1687360
6466650
3613380
2784270
9741901
9086680
2946767
4054928
1530693
1630131
4884963
5387496
4453340
7203551
3401288
5244938
5870728
2259473
7125235
4601199
685474
7362653
1040128
6620937
6817488
4708118
7892592
7802381
9578972
4629173
7044652
7891239
2376370
1809882
6347876
9654384
3758345
4672445
1230905
3183518
513290
3300182
4355057
1542206
6105480
588158
4516754
5308731
4720731
5748380
5463946
2826885
6498241
2027202
7233834
1099998
7832790
5289002
4224612
1080475
6393749
3568184
7269217
5952339
1741605
9328653
2695277
2660725
8347471
7089748
7076758
4697509
498919
9200805
1760494
9130529
2059790
5969311
2077752
4267406
3549493
6198352
1306587
143961
1034958
1861678
4568634
8034307
4578469
4728124
2472002
9021917
5031109
2316009
9930486
8672833
9140585
9217851
8010039
237670
842059
8663907
4788820
8524959
3472339
9447914
7079342
793216
8032320
4814434
8712263
7232877
8538055
9218723
7516558
8041387
9727024
6164355
4162164
7794375
8935968
7381156
5340030
7947123
2204894
9653414
6943205
2702549
4578408
648309
6965725
8131128
7740300
3967002
422984
2292334
8726548
3452202
6721755
3929731
9042603
9824384
5522171
2462727
9401345
650503
2385380
7029422
3794326
6442673
3344985
8963843
6237353
8127171
5120056
5532533
5963616
2151772
1721178
87378
2914993
839007
5284694
4150329
2595753
1831443
6855772
2814669
5227492
7532147
1902814
2294670
8697899
4726831
4690831
9952553
1387870
8491853
4921942
9154227
7895306
9940550
6448810
8594633
7753045
518858
7073767
1826303
2839229
7882116
6683243
3831134
5764402
97269
4449062
6959644
1412933
9833715
5738143
5484546
2885985
4081272
9392725
5635235
4509311
5171147
8543885
8055121
5320303
788271
50370
8623535
638505
6025904
9201133
1071760
2914873
4285376
4537392
7059213
8180653
8287833
6788127
3456880
6368464
507322
1209694
4413107
5800846
147882
5944495
7260444
188648
4387243
6650341
7575404
4490702
6374652
3816131
330598
352262
3886247
7002132
6076485
248248
5970282
3340171
9991234
5551549
9816954
1416807
5575642
2495152
4106449
948373
929778
8008153
8772125
2345732
2711603
6142059
1120450
5325266
1337486
7304776
980435
672984
9519653
3721623
1281987
6167609
3081672
8407421
1031044
9724116
7265366
6665083
4608296
2457965
8365395
7563941
4838550
5563804
8819090
8359783
9136658
1381809
3984025
5160251
3863450
1215398
3164657
571596
6501505
8258955
1036276
2062339
1533715
6054285
3514953
9352550
4028858
8629578
617557
3055790
1976717
532826
1468838
680671
9219741
8067892
7563158
7362704
5914279
2585338
6985551
4675022
2668211
398929
1572250
6485347
7777785
2636806
2604918
9574562
866256
3953547
2687885
9509159
4767606
7600682
8694202
5158077
3722681
4456572
619779
9685445
5468449
6437238
8058118
2417444
6649196
1498199
7905849
3002677
6109738
8088413
1231406
7670311
7721935
2670135
342063
3014704
9864940
4463874
201711
8284951
7151407
5850003
208037
1647459
8412382
7797524
7445580
9374700
843144
8407292
1378254
8276273
7253968
9979286
2473364
922046
8792025
1970025
324917
1202204
3840827
1756830
7956938
9754230
9601932
7875120
6290474
4861019
2638725
3955204
9262384
4063270
5103123
4416383
6791267
7983933
2234621
496393
8139877
3929225
8043206
1884715
2297922
5944462
3373946
4297937
8619486
1520869
9529724
3793119
3622955
7237598
5054221
9693604
2706160
9061544
330185
7937306
1110160
8091435
7308385
3807102
7402597
9251648
3103286
2586450
2186728
4302343
1003254
3891254
9619717
6032
1290255
2671096
21664
6248587
9089308
4324162
3541704
4071087
7883146
7430197
4459090
2024921
918037
6091866
9416963
112869
9462374
135408
2433852
241888
5294301
4439554
2228022
8118231
9222441
8252784
8224424
3127234
4050491
9772866
7916379
3899041
5469578
2386494
8113026
1305499
911302
4919382
8650349
932298
9981407
7164284
2669540
2009040
3181737
136780
5303769
7735934
8594491
5581975
3326015
4943785
2293067
8901408
1723923
7917798
9784360
2420147
5728689
1663710
8792712
1435871
4660507
1246822
4872634
8299339
3173574
2345445
1430627
8414210
2581341
7057293
2588056
8943832
1828601
6383141
8559300
1379448
9170627
4516155
8299199
192237
3677818
5809729
8432168
4006164
8781114
4086492
2382284
642515
4379622
9298400
6307241
4376077
2632139
1813093
6567803
2377828
361805
8740588
2950011
4505057
8532537
4958645
4729619
8847730
4300144
371593
3976534
1070895
251597
6045789
902983
4533097
5912122
9032995
1139068
3205515
3462321
9565420
2349456
6079148
3108461
5513850
7069062
6321398
6959
1671582
9828165
3916224
5753306
3719492
5452628
5643481
2580420
9016455
7838394
4608291
1733115
7192795
5150713
5217700
813356
8700431
8133776
9583240
1056268
524005
5273070
9214072
6926283
4095615
901101
4989153
5498598
9766438
2948549
7452126
417303
2078113
8509598
6252890
7762123
4000593
8814038
7931167
6577575
7992415
350780
2471419
3863349
332559
7938691
3929494
1431078
4595506
7305892
1352800
1122989
7422407
323896
6976596
9875900
3886614
2731735
7889505
2994470
721241
6989860
2450442
4928132
6644593
5140292
1224300
6581158
6246093
2524740
751325
356295
4039844
9956103
5054660
1903801
3434250
5094879
2027971
9761945
7245978
8617275
7580962
6429613
9163864
8180849
376469
3435853
5140406
2777439
6969554
3732130
1226449
9776355
8751440
5057862
1215314
6217153
9305099
8327312
4980109
9143461
8544624
6039636
9032169
3593248
7756865
6064390
8381012
4826331
7463321
4134631
412939
1695569
9842310
2778060
3649430
5841714
3619343
9061509
2899395
8016823
5114524
4278538
8154721
3639714
1887533
8468459
6944924
1274958
1417420
2533478
7599999
8519092
8105807
7771432
9031176
8560257
7957491
5246514
1308968
8784126
2566803
5818921
7951452
6241140
9693257
5018542
201213
5239406
530815
9909493
4510519
7798068
8275727
9150645
606677
1417750
1644260
3543090
6043503
9775128
8758106
8184173
1649084
2520403
7791548
9954044
1934483
4417680
6922463
9933354
470766
4934674
6769578
2888640
3338076
4214350
3567167
2810637
62302
7127899
5989362
3311912
702947
8099864
7657413
4120035
6642332
5961404
8113405
8810152
7654160
4849390
593496
5032979
7557262
787571
1831305
41509
3072242
3484254
5241524
7140203
2546685
1498698
6911150
4457261
2618614
4296135
5008316
5719903
6859199
3056299
1748831
665328
564003
3009867
7620926
8548590
6285348
3775810
1708681
9517043
5951539
9439639
9364708
552210
937725
6932404
4610218
9116748
4209376
2298770
1738646
3529877
3937715
5557394
2203890
1048815
2517460
8917564
5724695
179525
2897071
1505522
8414057
3006730
5267619
9217873
5668403
6250494
5662698
6881165
3372077
8958258
1341115
5454939
5756850
5016987
376698
6580340
9275566
9778696
6921756
123553
8716198
9329185
5057675
4071578
2963691
9495180
3066560
3333627
5055856
5673042
3221109
3309613
3127910
5631360
3473347
8556238
3038395
9362472
1929730
2416914
3689976
3588571
6533677
5525665
1929624
4662914
6935584
6654645
5339095
4340267
8649726
1401178
3049029
4168626
3478365
884186
5000536
8836180
6923989
6009443
5194718
932004
6651563
1343102
4499687
6940877
4211354
3403483
1422601
7105536
9179820
398685
4380938
4993766
6745702
7768583
6476063
5570162
2096830
8735978
728668
5163692
2546799
294599
2935295
7136028
9035099
9028366
3804470
42465
1768345
6528919
1905891
3046686
606088
4605589
3049827
2383560
9003096
4658578
6593844
5505639
426927
6807007
1148821
4705882
6366150
175716
3080608
1682721
3134991
4033547
6180123
2924507
9453661
9653039
8544646
3498738
8227618
1814719
2274170
7216012
2697329
5925610
9165814
9101541
6731500
2845775
5043487
841374
7825917
2084950
5997938
9796238
6987060
2197006
4249116
3149453
3047024
7460066
7986463
5353858
9909325
4425766
2822965
114902
6224897
8234786
137252
9717844
1053733
2852630
9555312
9054195
9016198
7805786
1526451
3029546
1696037
1511833
6794940
5684008
1166922
6307147
5251422
6837501
3299882
8382251
4680647
5665055
4560445
3507860
7204690
5537747
6155911
5861806
2911672
7876598
9793339
4014238
247407
1398560
5165167
5610756
3254948
3058361
3395275
8758193
9550732
632156
6644981
733961
3773718
5356318
4684414
4610651
2743187
4359661
2258178
8213715
2249702
9347778
6008992
5781091
5937078
7186174
5523344
8723295
8657826
4217549
467391
2691683
3179509
1310772
9252338
322349
799260
3816390
824114
9366830
3423946
6795221
863143
4900002
3386245
4278874
7186277
4410811
4721469
2641358
4095988
2055097
4864181
8610913
8673674
5948201
1966731
9285889
36146
4340148
1595219
5122444
2992475
3682978
1337984
7006528
6814483
9156040
7612230
9036875
8409851
2071465
2485115
7121551
5747064
4123514
2107351
835975
3107843
7526589
3822559
9675567
2998580
1766030
9211697
5594915
9762142
932149
4587730
7084154
7835355
1570689
357783
9885468
8887846
4403553
7265611
1968533
544981
3077145
679598
3515225
8706962
8266043
4397296
2716047
5638249
5268389
9127266
9062521
5063551
4967112
9187805
4313784
85219
6307728
3153777
2305116
5850302
7969171
9581216
4454435
9981813
1929709
8662532
7718424
6376903
1962255
6680890
6109049
9229074
2826733
4069635
6368981
2132251
2496893
3637969
3655675
581339
5270709
4225173
5802618
1222940
4627670
3674022
4862400
4397659
4908803
6251259
7714132
1312445
2550135
4333085
2219117
2716240
7671909
4354187
6831240
7968997
5949729
693054
9249836
8305819
9124588
4034246
3214274
1678361
3813784
4680068
3312523
9884661
9357168
5116299
2754446
5370068
8728775
1854512
1649671
6326266
4665367
4831724
9062560
3575433
9898902
6887863
9504373
2196336
1595924
3980469
1079917
1857912
5014496
2401540
2875672
9240378
5401218
7976833
6455487
5144911
5909905
7148695
6280998
8898742
3081515
7179502
7596779
3407506
6950892
243006
2743576
7445869
2032289
8729626
4612008
4771131
9133228
175855
6987727
2232990
7734439
5451662
8737861
6718918
5725447
8389235
7045212
9727374
7699637
8279535
2807630
4446067
5078217
221356
1682226
5711411
2439415
8934891
5331686
4468957
9864751
4538050
4111074
6753853
3628770
5592012
3109919
8047743
6002491
9255593
1746570
6504006
739040
8183202
6683806
1103382
1698384
3001935
872821
2556260
1314501
6278210
8086307
9990329
2438949
2282674
5722074
7042908
2698604
8387652
1474046
5085805
5169812
7117449
2840083
6758646
281252
1852288
6017093
7350294
5622769
8192872
2930490
7690369
5503832
8824447
674601
3702890
1968957
8994496
6290625
3920745
9610284
8818022
6259138
7494875
3048127
4559240
1607298
4716136
6369610
1903250
2918347
9575978
4791000
9282159
3880983
4467166
5370913
9298037
3428728
8566184
9865560
4441637
4124591
2359988
5131866
960253
7568696
2023346
3931782
1629700
8793084
2906371
8700634
3362383
2680718
2036974
7724645
2069688
8003644
1577747
2134794
2967379
6304580
7069705
9557783
1672753
6267162
6572023
2699136
8753970
1233171
2550629
3963435
5091554
7385395
8793537
4545230
2371613
3453846
993949
7824238
8306471
6506201
9566924
5905715
371768
9981383
3221220
9612700
6414703
8022552
6315084
2089979
2370007
9200298
5340565
714528
9742050
5489682
995929
6490235
3262674
7003015
562392
6097276
2141206
4850655
7799783
4137610
7198111
9668801
7917618
2304102
5345674
2155944
7190075
4558734
1613045
7348678
9811362
8279827
17640
602198
9921822
8285561
4915429
8542179
9902437
627073
6412612
8771859
4185715
3945657
5190509
4029712
9110300
2054346
960960
8465321
7268586
1869480
6820063
1686127
6597279
255006
2284326
3863038
4103683
3103283
6376520
9059392
2363610
9203745
9407817
7685839
5800241
3055203
3900329
7085198
3017631
5122781
4284738
8842362
5530678
1919675
2597789
1499277
7742061
2868100
7719352
2796775
4190890
8952568
9132902
1646880
4190885
8142578
3952105
8856074
2652354
2414419
8280256
3161118
453681
5285481
1617642
6685479
8083699
4409187
878772
6874127
5160600
7563769
1341517
7822866
2656670
8539428
403042
8196110
7608527
8695759
2947498
9206004
1329133
2472072
2847180
5531161
8106454
5876807
9490011
9181384
7281613
4387010
7833010
6981060
1342691
7847638
4916106
1116533
1206636
9365761
203974
2332191
6595681
2847609
8470793
6220849
5091379
7927259
5101762
5020663
3078874
1399517
7567408
7218778
480240
7792146
9922881
6444997
1712469
3513357
3131348
1338756
2681409
1170910
2554519
9992640
9026905
603993
5832152
4751980
2731441
2783193
981578
4415476
3589292
179342
6837928
9663375
4311131
9483706
8212401
6234528
6475165
8022678
6987445
8986553
3835621
436080
2110795
5336753
480782
2607875
3103872
8068308
3040124
7929115
1247782
935985
1395233
3468227
9563132
9465109
2878441
7388326
2228172
9235975
2303062
1065798
5057722
2352806
9378187
1057937
1108945
7448251
5254337
480944
1765090
4474094
9846889
1417423
8928123
3222207
5299812
6543047
5188882
7788425
5463105
5309275
6062968
9172849
5772095
6414356
3542231
2046654
3321199
6144389
273264
2452507
9793093
7292834
3610735
4682855
504868
1400907
9451250
9869712
7490780
5954383
6652752
553921
5081729
2937855
3504320
3239238
4022463
5324237
9702739
5404742
7319908
8217034
4592566
248171
6069205
2692216
2185622
4135986
6006944
3676478
6325128
4817794
2300465
1373090
8103956
2048871
1449660
4350667
7726213
4031917
3971876
8474114
6146834
6711768
3268414
75650
7610983
5594642
6103231
1396866
4062677
9112958
1196021
4664168
319007
5124678
4457305
4233665
1556378
9550611
8053967
2583465
7419029
1819511
5754745
1775536
1222939
7012879
1212521
7570419
4625341
2083403
3013018
7207235
6346006
312346
549106
6349968
512969
4689843
7005597
7390233
4696127
8954833
6572159
1678252
892913
7938961
56101
9460991
1300580
6489812
1405642
4779170
5431548
9998646
3894905
6824113
6613597
1210238
7073033
4019898
3887246
9465652
5807739
6232568
3933966
8961354
344914
5638698
2691314
666249
5926926
2828595
228845
7445497
7477259
5534624
2825193
8107037
9371159
3058354
4863045
5130138
5708727
7028088
1052121
2856299
6481281
808210
3530452
363697
609563
7129109
4511026
3624483
6938963
1075030
5348398
9485639
1386273
193148
9660584
7625994
2514277
8865145
753789
1205914
1194726
1708607
1580400
8507897
6649282
5043082
4076150
6657081
3741338
1559214
6031212
2995630
816761
6438675
1905844
2809625
2570281
5767387
4924757
1305007
9891430
853177
1064246
278260
4926372
2125049
6753885
8109773
7508165
48369
7986775
5074360
2106
7973249
9478984
7746013
6103454
3019661
5121203
2192629
7945354
2769287
5826301
107194
6638676
7915112
5372784
5779666
6235301
533085
92123
4440680
6199105
3089554
7761342
8403594
189456
7769220
25177
6037995
6160991
3880298
7970627
1661338
5110631
375037
7581405
2766851
8061264
7716427
774030
8504694
3986708
5156627
5656279
2436519
3195478
713585
9934109
2893233
5982985
8458596
2494011
3657753
9264770
6468259
8223245
1637083
9662782
1595195
3316227
4159518
1377288
4698343
445518
582302
2707195
3719386
787940
5235887
1756794
7900238
6505086
4402127
8628688
5015779
1791016
3959964
1306881
6674185
173916
2919134
6013186
1804426
6238187
8253395
4596503
7355586
8602499
3240031
4404306
6654773
3806867
1584971
1294418
7164287
9779196
1835860
7499121
1545673
9561506
637725
1558283
6906845
5159276
2675873
8458936
4330308
6215177
9070297
1830956
7723817
5517510
6859879
5358654
6913668
2961184
3976561
2691060
4356786
757435
23444
2263653
2180008
1031176
1161999
659320
5439956
4449519
5230490
1258422
1449702
4758870
7206116
5977529
8180065
8334403
6118123
2008952
1490750
5091547
4719412
820189
5421592
5620322
243307
1900865
6736269
8239741
4020602
4051190
6384901
607299
9801374
3276209
5089092
9774272
1396684
324897
6968910
8663584
1196423
548852
596225
8796074
3461920
324028
6294796
469349
6490731
932703
4587379
9320629
371495
9014024
5524640
2429833
2267945
9427695
1784313
9178599
1287270
635442
5317317
5786726
662061
4238484
8947276
1692662
4408991
8466476
4938397
1032863
9727642
2539336
8482160
3003800
2314873
9960327
1613915
3815072
2301658
7397914
4526928
7628379
4777669
9359320
7025521
6376674
7411303
9195904
5301223
2161580
4032673
5902451
4104167
549196
7520391
9052801
7790847
2565864
5938943
6697994
3052435
8999710
5552341
5716278
8478466
5917603
3125617
3968406
9108064
4486367
9688909
1901806
2312133
2507805
4739198
2773270
1690021
2105205
5065670
9018553
5080131
4300079
5682322
5560538
2046799
6833210
3894225
5867563
1606384
2511224
2774574
1478036
6673428
2459119
1857825
2219408
691476
4174881
8940057
1894043
6292117
3092999
6428768
5906424
559364
6821850
5836
2035797
7741796
5870787
8401008
1569736
8701215
1756085
1701709
3204530
1541196
470026
6380641
7637976
206760
948550
303838
7185615
5166643
6745067
8750410
4810077
8515918
20498
9421680
1679283
2844381
7258147
233505
2094395
6983634
2329929
5870645
6451214
8178111
3159233
7861680
2406214
1337308
5247792
3749895
3999137
6162115
304075
8524534
4650653
5365971
7901394
7573465
471986
3559687
5162695
8335697
1882055
3761364
4751855
7865110
9187346
712902
4851820
8342722
4232288
3149078
8352552
9410375
490344
4489417
6773209
265085
7090146
2544519
8311195
8696226
3144508
8449960
2972822
1235831
1361953
3917343
2178115
4233366
6622859
9051094
8515855
6982541
5792553
3601776
3079443
400473
4607822
6684026
9746287
1380454
8292031
4321648
1973100
1168822
2382332
2767908
4944714
6783605
7600884
7647027
6496462
7181251
693019
9989311
6312440
2462834
3751305
1654557
6483211
6837465
1549992
7915356
1195929
9022437
4868246
3813677
3465275
3416633
2986033
1719244
86686
2635009
7734285
3375472
3023164
9239318
5377923
5706557
7492659
4967542
7879480
1624247
9050360
6021264
2129727
9851208
6735669
4041554
5710857
5839029
2943698
2589689
4293421
3850999
7731387
1639399
5591530
2848871
3186258
5924199
2923990
1174901
7886123
8076910
9810883
6483553
3530179
8159505
2857803
6180728
5198807
8811899
9992421
1535057
7277218
8690790
8066118
6076742
490647
4804216
6168185
4772634
2602258
4583518
5572832
110580
626868
2972454
9328667
2014801
5849360
3950199
5981861
3061450
3998594
9429622
3779118
858606
8597056
7826039
2755313
6438449
996965
6231395
4557850
4237414
3013195
1179012
9617175
4904044
6897838
5482590
3986516
9015900
312943
7047522
6257722
4866208
6683314
5445307
1016585
8127645
8500025
1645128
1103596
634512
9841739
4777350
5728148
2249879
3175595
8926909
8824853
1509373
1488914
8851101
4034789
5178325
5288982
7947751
3663538
6029240
7392215
6387199
9202412
5398651
7819217
7511963
3383549
190931
5176586
1581477
3592410
8680778
4063189
5049200
6532190
8862997
7307263
4730742
509275
9983284
9042673
247421
1336843
1882541
4118950
7386175
1977361
4414735
1365985
4278818
7530040
1612000
226837
401045
318677
5257227
6863379
4275618
4244846
3664835
6834913
9573747
1406270
8190560
1584662
2342884
6750476
7067161
7252874
7418004
3446809
7191184
3765830
9881428
5094554
6471599
7271392
393161
5391415
1207404
6731905
4624512
5580669
3055267
827533
3598597
2195726
5776738
5877049
9111844
9266469
9510026
2037263
6130322
4535320
7124573
6567703
7583623
3643007
3839484
25674
761104
825736
4107373
863771
791172
1390360
7970287
6916028
4638773
246384
6412653
9906603
4850241
5112778
3790210
7200414
2735240
5711039
5621792
8846794
546008
7907807
5347772
2043290
5657598
9111606
3317031
9998889
4308866
9514406
262488
6254899
9142101
741819
3103984
4491361
940848
1805509
756185
5998364
6102910
1879355
9151223
8429392
8142754
9698649
263592
4507606
7739480
1695091
2502518
4145333
5463469
8521826
1247625
9387133
7090678
8842384
7106911
2269350
8699099
8026642
1365384
9208301
2524846
1705274
6871567
7515975
2492480
830331
1741691
6356409
5608967
5337971
626667
1760863
8963312
8983840
1172246
3216330
2994802
7724368
5822198
3817554
427445
2853529
4063794
8188918
5551400
2148509
9985689
2544817
4511319
8541124
2602701
9883595
7374325
2512846
2170485
5207578
6136207
5365586
6299645
5581203
9978327
4066229
1427217
5031283
3148716
9931506
21359
833428
9889990
6026199
9961579
4824927
9767939
5201411
3428861
7177227
2593656
4841645
2686293
9741833
5520006
8381290
6935561
691299
1568798
9898412
7998038
9935341
6911579
983571
9822945
4511545
3631045
9013732
2967906
9552318
299660
3589972
9173330
2553419
601428
130464
7577997
4762755
8962171
7084771
6103611
1654053
759704
1212838
5355876
3386876
7125646
3363912
7381946
6161451
6328846
3542799
5528014
6469759
5286436
5472047
3794608
5628650
3575785
7635998
451162
2430488
780429
7919412
8326952
1712745
507660
3236302
9445871
528185
4439739
1217202
9508383
2489443
408579
8703926
7352861
1549353
9806327
5301559
1873902
8735451
2735052
18716
1585116
4367138
2505706
9417301
7317781
6068819
7539192
2730670
191389
7957295
9987916
8717863
1958840
4805905
2874038
6976067
6853699
7047832
5574770
9198450
9926615
5568311
9511122
4193537
391427
8949135
3952609
3734513
3183961
2133077
4628595
4140962
9032236
5599437
8817042
8942813
3907243
433618
5663023
6874688
7301
178557
5750036
9607949
9287654
7929389
7527335
4156629
5696835
295459
9653382
8064497
2023008
3489919
5702408
2056227
4114141
5532150
2715076
6902221
180971
9804739
3908366
2335755
5838443
670563
8080288
401288
3354394
2617304
1334940
2989220
5721578
4662800
2496191
7237906
5887415
6085008
2817234
9599659
8827945
5670933
6183127
4379799
9913644
9167226
8287756
9714794
9271099
7068752
4531684
4804481
3526721
3042050
2022282
4559091
4417494
2130849
978183
2550269
8113630
408795
4376316
9535857
8295850
5964112
1648045
5799476
9276375
9441574
2142953
7968630
4734744
8485566
8444857
6475249
315234
3843259
3124017
7824190
6547894
4239041
2678883
9004315
3299417
1394510
9292016
1203118
9117141
3132209
856567
4398102
4312775
5897567
8317344
1502156
6974818
9816765
8687075
3244611
8656541
5956324
2467553
2077260
7898634
5307688
6812791
3170775
1107678
9878944
929231
4251589
4539798
3861638
2747573
8461413
2411364
3261033
5270308
7832599
6464399
8523454
3764199
8015281
5737530
259615
9715472
5916515
1510191
4123525
2888814
2214257
9059944
1463771
7079100
1401388
5861817
2058198
4692950
1302541
6818881
3543961
6108873
6113760
1375112
4415283
6572911
3296561
7955824
8632109
3500642
7411778
8103474
1756406
8562079
7061661
6661919
1899757
7928853
6325901
6380588
3978878
3665975
2928007
7883100
8779679
5717817
8651401
4659388
4586767
7006350
44979
6676940
609968
8301241
3235139
5936571
2121273
4528171
8831055
4661854
7555192
4293657
6300545
6690210
2750442
7694605
7582598
5639898
3167987
1369390
1295364
4332369
5281610
3401733
1009369
3740658
9011317
1894547
4621541
8201171
3135303
1913411
3659585
6651872
3082163
4294788
3792743
8724508
4803509
2461338
3326144
6469876
5264749
8601672
786996
1319590
2037914
6391493
956411
9244150
630104
9038682
1107920
4751179
5294617
3239013
9240243
2078119
1031287
8459936
4627010
6035815
9188903
3630081
9657062
6208532
5052629
9117259
8590587
8641490
1137161
491319
2266759
6094153
9329354
8753895
5970888
2331091
7107173
60333
2636273
5744899
1265783
4992301
8195568
3504770
439078
4320461
6099574
3681976
8587934
6309239
8949949
6151264
1150481
2792048
2042274
361269
4206281
93707
2240072
5479226
2159111
6413336
5754805
9907213
5486012
1754579
8710258
5344898
7779937
700099
4215396
852697
5612135
9931739
6653123
1909637
7218621
517611
4447321
4183835
4184106
6770181
9286942
8375493
8916654
4325783
7763955
3985496
8776360
2852300
8074665
2096193
4361861
7173761
7437882
1509948
8594141
91509
5706576
6930021
519903
1223354
9748726
9967612
9064878
8568157
1060082
2124379
4324157
8351876
5341595
2219827
581299
9037194
7304982
1525135
9708603
6878767
8418841
9972208
9363978
5685859
9988444
9080973
8043966
7205502
8274845
9089671
5883123
1908331
6874894
3229484
1809390
623354
6204028
788543
6918554
4311842
1836743
2884874
4247509
7835135
6952845
6233756
338941
7626890
6756203
9826399
9562438
3894658
4355375
7366069
1920529
4147447
2800602
575288
6945073
9032737
4071392
3728663
7704374
9963285
1006840
8886379
5951667
9307264
884717
8792506
7248116
7072601
4119947
3409182
1608165
2643449
56410
1647825
3859553
1910451
6443423
7255564
7048726
3777338
8823873
5279898
165561
4377249
9925234
7746726
2624006
6009719
3529274
8497769
3720463
8657252
6662043
7114141
4332265
876240
3186402
7827159
6084976
9709068
8593342
6480222
6897278
2331328
2526577
2598282
2551113
4626315
5106179
6447055
1605446
8022627
3000884
421303
8113021
2678641
1192513
796845
5227228
3749047
8333643
3712717
2216460
4080049
5591220
786223
2408456
3939786
6586102
9627822
8208793
6820923
1351536
6561822
3689561
4068383
5147250
1610862
6614500
7442341
8148773
7708485
1738564
2170042
2735595
2599138
3449611
3704240
7313739
5576623
6861279
178836
2176354
4066723
8362434
3305211
2506984
7801206
8781849
6753664
1334611
5740982
2663734
8617369
5883785
9222031
6615771
5781980
2950511
1820114
176159
1370972
3461769
523605
5561067
1603886
25621
5679287
4570783
5491705
2507939
9905964
1304100
7378981
5436070
4399078
4613252
5086737
9449856
3230515
5062024
1690451
2624543
8395439
5542914
607434
8214792
7104650
8439980
9067541
5108184
9497001
7861824
2165969
3928004
5859095
6135737
2389765
9825128
4164633
6267798
2587680
7891361
4269043
8452347
1091900
6106502
1577865
5716100
7074680
3046396
1797620
7014012
7376960
3950825
4872878
2889248
7735278
2034512
5026937
1755873
7726562
2182738
6866253
2361108
3863683
5523492
5251690
7884422
8284617
8505300
6488637
2888390
6720755
5336413
835035
1514328
8464833
3521657
2990512
9173307
3235214
7829089
174701
6376954
3262916
5622096
1439739
1298220
9170852
1547746
3076609
458447
8288012
9406896
8872734
7202701
9023105
5433143
1694673
9094153
8046782
7570345
3580141
8307203
719045
3554256
8305158
6642900
9591742
2074964
3908871
5590008
1378457
5702099
6153113
140667
2755383
4177619
5733828
8872139
5068807
8207735
3367843
1019357
9656492
1305339
991220
9086351
1574165
9221457
1736
9099966
5718600
8010150
6333965
8050223
6296344
2321784
7333443
9823902
2900105
3296197
8622324
8895943
2459778
6570583
3462999
2662632
7466681
9479741
2108353
8971802
4269032
573545
2893971
8615427
1495098
1575825
594456
5580094
2124975
9054428
9260151
821125
2310351
4485523
172481
7087574
8838023
437477
1737423
1051625
1026022
1357330
4198466
7027764
3563973
2601906
1897913
1435077
7386197
1711425
9253932
2551917
4685089
8732118
4589912
271850
9432407
7481723
7640573
588736
3840753
9325586
7164297
7501732
5744071
3330274
4449571
7079272
4962146
2209673
4254586
321794
7710166
5879849
6002043
8041103
1647697
2181646
8229520
1317096
2332534
2114721
645361
4577718
2772120
4792284
1674458
8466292
7263880
6502391
2889788
3845060
195757
8553338
9240920
1790392
3535208
4838642
9993352
8086435
150111
1409090
8673828
4185994
3642863
2736874
7108874
4575441
9310943
2629682
3615054
5555834
700950
8968285
9079400
7126890
3421847
3423109
6564896
8412844
7019767
1610256
6553160
1899162
919200
3422083
1064813
437948
8893744
2571643
6296281
2640037
4673259
2677048
4322412
5055766
1918031
4687050
5107552
8880166
1382540
5978957
363374
8902323
9717462
7114551
5868389
5433784
1107974
4110131
2481583
4911324
5401792
5904850
6624441
2949960
6394132
6261226
4357995
982734
214568
4124160
8190822
4264855
5237129
4533757
5092059
8383973
3369092
5126770
2351670
1911953
2910410
2823943
4347537
2292545
2043803
8176193
5540440
8089008
89951
7831962
3816374
4092265
2826296
9083205
4724315
5680907
1017454
8977117
7190026
3008388
412386
4035161
9408363
4340416
1907954
6878207
7154004
3658262
6724242
6176222
3013970
2728502
4552523
6682811
4286637
9801668
5960310
2623797
2849829
3467929
1951538
8579158
8079781
9361645
3103169
2607463
8813246
1537719
7486553
6755625
8099201
3301319
2613443
8001106
7410580
5958787
9114834
4808125
4424475
6204152
231605
338534
6681637
9926013
6087114
2811187
4340872
5024635
1981348
3088899
2566087
9071403
7374761
8674826
8044131
1608985
3347254
8021644
267735
9988742
9027215
8801056
9363694
3783959
1655369
1621978
3343583
1832726
7502233
5989307
1158570
1233496
3195116
7457624
5293706
9220333
2080343
1185149
4855783
804739
7497386
4548099
8811242
4818061
6360876
3502608
5274445
9933917
3466390
4001410
2118396
902782
6665753
899762
1968625
2058020
2627388
524523
4524519
2574244
9958457
6581890
2202548
1553295
3179286
2653676
6805130
9977919
5021838
9252253
6445921
9632968
652865
6177363
3749363
9494163
7096899
857156
2984512
6890739
5171122
9468527
8734399
2828430
1993303
7487564
7127251
8863187
6440950
1587392
7478477
5904358
1115338
8961474
7818069
1148781
123165
9059546
71894
3840475
2904707
8577185
6071015
9787591
8257679
4587212
4239096
7352725
453024
9287570
2540472
5810570
350517
8377688
1448530
1297911
8591426
897595
9653282
6669145
8537554
459633
5530498
2348368
4088294
1049384
2897428
1992609
4317978
6975487
9610312
1774244
4538817
3359714
8170185
6349659
9225938
3138278
7225841
7814121
1704608
9011588
3037356
564415
8229990
8170727
8214872
3359422
3315415
7225203
1428816
2275217
7442143
6880388
8766120
8999331
5984943
9536312
2143168
3095183
3994417
3774879
525581
3376845
587575
7862009
8958100
5581440
8949134
1065309
8324688
7115661
9102266
9975111
3011579
6709328
690633
1011208
5348549
8886862
8055209
371660
9933749
7648728
5951462
2507007
4261914
2657648
4301267
1229586
4411134
4900558
9237012
1089403
6298602
6724238
9954182
6962357
9846552
5435660
1163090
3482828
3681363
3425681
6284284
5598082
4552181
6083150
7157295
5236524
5928502
5311616
7039782
4411514
6573929
7038128
8216978
1656513
4553936
5304589
702113
1849777
4456402
2069622
6902263
7151257
4351360
5038077
5957212
4486240
9224218
6773150
6542340
7605999
4617610
5151801
4981933
349970
3148059
7018018
848400
4634272
9648040
6718675
2549795
649397
7669976
8131000
9779673
3878932
5051581
8358835
3310049
6805299
5114112
1248767
9790899
7398251
3650150
1412579
295447
4442884
7718564
5082799
8102723
5297450
4941997
199021
8677144
8771921
2802732
1516430
6589134
9014671
2124534
5555766
25581
5451169
1814030
1733503
4836955
856234
5746211
7490932
1900488
5720391
530858
9965299
6389667
6819030
4124407
5815388
5309811
2289746
6045941
1946567
9258087
4611314
3047418
1460028
2055318
4675960
4343550
539431
8542681
7150767
5921285
8370064
6052256
2907509
166009
9752948
5897973
8874238
3164338
9741251
2761391
4447216
8249859
6230683
2745386
5952665
2211749
2074209
7244462
3362971
7082978
6903878
697907
9900597
3877643
5104814
7949799
2601634
3540098
5269370
8434546
8106888
2942397
2230156
8183316
1228406
5027629
2777991
2813281
2435417
3166179
6019060
6044338
8154753
4373622
3592638
6835181
2263551
3099029
7209440
7411326
9670354
1019746
6119788
2966649
4158022
8552039
8006169
5279041
1623317
5468930
3964616
5194603
1499636
918871
8985991
3999654
8062455
5895071
2738232
5503435
2140972
2727165
299297
9860551
4174276
6587078
6593059
1168377
5132659
2014272
4786928
3797136
4982057
2980997
2480587
4608921
6551772
4678162
6244764
2026067
1558705
5674846
412743
409714
7661439
5142693
7512778
6226817
3652322
7935687
8730160
7641800
3508349
1607011
8644935
1899857
2016757
6182222
3044069
6180968
4812741
1607183
4677667
7450555
8850151
3874608
1020872
7260782
7848946
9817256
8509480
3307202
5449285
474286
510070
2465679
3994571
9212873
8809770
5098318
5254329
1555189
811981
2176082
4744285
755702
6517303
8209875
3768179
6029203
6466446
2307326
3042604
3637746
5501186
7324343
2588232
7414006
7159345
2442197
3725451
8920692
4825395
6685926
4770954
131461
8804933
7474498
5064558
5836532
6646779
5705443
1682349
280513
9123638
102076
6310520
28697
7715694
5071504
6281377
9060716
4392238
7030261
8974345
6652134
7126822
6454474
2326825
5529924
3107411
5160121
2537827
509143
8008144
5651604
4809635
4000418
7872046
4248808
1662944
2561840
7940974
754025
1848208
960908
1101100
2477541
7447530
4836804
7950125
2771431
8769379
53070
8152316
8811830
6556837
5535113
2969900
217355
310889
7973435
5879870
4196202
1785356
3360824
9285230
8411262
5214987
7016011
1265746
5861295
5069152
8833032
7468795
8860992
4628939
5169362
1754531
9122128
9566684
669006
2976840
6624113
2060812
9529548
9144803
7002915
9142930
4246777
6555639
9511585
7715068
8184322
3440560
7707308
944685
9303274
2629933
3032911
7805893
1126895
5835092
5431819
1322597
5766610
4893539
8875442
9805312
7871891
2166743
1265624
4471482
1923517
2338006
5713277
9799158
4581437
6595336
1232852
1113132
129048
4266682
4114971
6270082
7701692
806530
9958835
1079114
4753642
8132988
4649165
2174552
2317068
7003956
8580329
4380893
8433125
3157315
6117957
5742940
1054131
5389834
379922
9378705
732991
5641499
1715822
3201418
7818556
9640187
2046737
9757194
1875952
7675061
5356972
2414823
4762230
6669317
5840053
262513
1006616
9949020
1524286
2383077
9319729
