87117
24459
29521
70563
63984
51341
56381
49435
50158
16275
72230
83540
20202
44950
15724
86558
25704
81511
34022
17171
16573
12298
40019
12754
81293
63417
38870
28329
41097
7261
47957
1004
6247
81667
46063
11872
10595
33731
58765
76466
10871
74393
66498
83918
78816
4123
65455
1714
72540
49073
26626
51125
42718
15781
73814
16736
17420
37491
97773
90489
29686
31270
51692
22696
28511
32015
29757
67318
76870
56429
24903
44042
25764
67060
23407
37728
96472
31637
64584
21397
8142
24199
139
87692
31554
49717
60717
32311
31125
8438
76340
72362
71992
21539
42982
97030
7232
62953
70569
43852
89788
88877
26157
38809
14146
91844
35349
42540
8741
28075
78931
97236
57873
36802
32880
36317
66727
1901
99317
17683
4735
21657
82829
49235
15505
89154
52588
53002
12502
35731
99514
99810
58515
73112
91472
24318
67950
96271
32907
3682
36214
73717
51760
43353
76474
14169
46550
90841
60577
40333
57675
3495
39356
39854
36258
65826
40135
20292
12774
16631
80559
93265
1535
57109
49000
59416
25428
81645
6120
39289
18664
65880
33863
70918
19326
56071
9193
53401
32815
80544
66634
22446
36992
20843
41869
42241
18773
86826
54400
6942
45103
7399
85848
32061
35346
11373
82227
49412
80436
840
33772
84665
20172
23821
77391
24611
41949
35057
32296
58525
63589
96020
66664
2607
32331
95391
93225
52798
76806
21082
81615
55061
93277
41461
70789
29132
65333
53275
4061
48920
96431
98311
62504
17445
35646
2024
61198
92768
34966
22028
68382
68385
14926
54167
67344
77115
44532
43275
63385
72658
1147
87876
50744
1265
79318
6295
78970
90727
71366
21956
50106
77584
72579
64205
8860
91767
56508
64716
67712
97110
3375
95100
78492
12841
74709
87233
67055
38296
33041
1469
19540
39186
46440
20532
63553
60042
10337
5765
34756
1405
88057
45703
79092
46859
20622
18451
91791
66880
14403
47139
31899
58361
95098
34235
73012
67193
66639
78494
96829
68065
13475
58826
48528
22307
99403
82193
74449
36067
21020
26241
88560
14620
98304
90433
27532
58158
5375
61627
96296
33383
29779
47204
58569
68515
75983
53147
92093
44152
77972
91978
19458
7850
39552
62675
23911
85269
59490
52736
7723
96400
79464
84557
43709
71962
64218
84588
71894
85172
23910
96331
19269
23824
32644
57181
91687
42744
60067
96271
2421
80040
5397
56964
36124
11431
46359
12539
59777
91422
51982
30944
98571
3698
27477
26265
39279
21859
62569
30317
58582
40124
77134
24823
64440
70716
118
76835
81051
63655
36613
4911
93600
42229
22521
56313
94039
75559
1613
37545
91842
73227
36562
66788
24333
86439
99275
54547
90992
227
19825
58166
34506
89129
20517
2640
45420
53166
41346
43912
60280
38297
61983
16639
70827
1488
79610
49046
42267
16832
92398
21
95997
39258
14418
25490
82217
35781
26030
26456
95413
64608
56186
72340
68982
47533
47428
71597
53888
11612
23839
77376
48518
34125
79281
7387
25261
32852
8643
89156
73307
37562
77486
89665
87189
80064
16166
15956
17130
38483
28511
61898
42294
70579
70772
37877
73233
35320
2730
9962
40105
30877
5137
66907
54493
90163
8603
63949
71792
94872
58843
39595
46670
35239
66077
29420
98022
3299
81894
63090
81818
39742
84208
62161
66738
82531
9735
22285
93723
85349
35262
60861
38010
80733
37265
99427
87402
60637
57749
88958
39673
75336
60403
46830
21685
77060
22264
16686
58062
53901
34796
90711
67456
74238
25826
57866
98058
49261
20325
40676
257
38199
1004
87699
23407
9028
15954
25352
85545
76017
55503
72375
14097
61602
72319
87755
52614
9569
77092
14757
61423
98308
26226
43574
23621
53756
69780
14479
35787
7295
9101
71785
59342
54187
53283
80958
77858
17817
26377
11150
99933
26752
48342
91890
43066
2713
21933
62933
28228
20937
37318
22415
43667
90932
81903
72601
97006
93776
55159
71243
12832
24400
16124
31473
68915
52319
5387
40229
25709
60375
37139
56411
54212
41912
76994
16885
59726
2357
42469
46580
39242
64180
79393
32212
86096
99464
43412
43799
92884
24422
74427
60255
84088
21588
7255
32126
84088
3566
73167
92822
4914
5166
75261
70545
16794
17807
87730
30783
41721
73201
42416
59481
97777
47770
66815
50332
901
50997
95659
52434
41320
90292
51809
99333
19925
64365
87882
41320
47891
71015
81916
84040
22907
5928
81011
50418
77428
93854
82575
44895
99768
60475
49793
64349
25200
52567
97058
38412
24764
22138
46589
51996
22317
66359
58495
30194
24217
4574
63391
32382
59526
18245
97279
53238
96939
44896
42533
62456
45771
99734
22164
94204
40507
37037
37253
71998
84989
68841
92857
62326
41378
74742
41334
18074
70531
82086
59532
40780
66984
83584
3371
96588
47840
1565
42043
48325
98264
84954
56686
21963
97173
7364
59598
24957
72228
8928
13903
76007
60830
38058
40016
99486
20661
6948
54856
93737
17976
35761
66039
38410
93338
234
82460
97949
79543
51111
95108
67237
74436
41620
9891
63708
28354
40461
72700
18313
25282
60140
20601
59497
18994
29462
82133
85100
86595
99739
43573
41385
8421
27563
38806
77376
20945
6930
85504
8986
90802
9817
74927
41294
20114
29134
34051
31913
62018
8213
44734
39655
50742
90220
33339
32734
16023
92653
726
1978
70472
40000
21064
11180
64549
35737
72958
14368
6783
32401
33016
4151
41435
45192
17757
97049
12804
51509
37764
86391
12182
72684
25119
72616
98572
15895
23876
60924
39251
3686
66502
42878
50361
16746
74927
63880
11530
75450
69499
63547
48114
80930
92110
73111
68125
63109
84386
98971
91739
26471
95330
97742
10703
32075
60165
92452
66584
57037
23553
25976
49088
75189
67119
69453
7213
79383
77017
26888
34861
11288
74367
16888
81348
56770
55926
84742
70175
76769
73743
16848
33407
21956
65977
75794
73988
41443
25155
9199
37766
70496
69888
1066
30209
2543
98399
17938
10998
11770
83934
55080
15878
31852
8469
4979
3063
78939
53509
23593
7162
89112
39033
65530
33989
17445
52694
5025
25199
94041
38781
3520
77640
63597
91211
84818
2244
52452
13104
53298
75442
97383
78131
82744
95929
39011
38812
34626
51563
96030
35432
64785
79006
37164
3028
52126
85411
89958
47881
59421
52902
63674
29206
74026
23708
67513
62911
51494
46191
14697
9267
31448
1795
5752
31296
50759
35237
45841
77621
89672
63791
87125
81451
17100
61986
45014
92581
79518
