8560910
1344079
2023685
1005961
4920931
1742753
1100571
9775310
585657
3094355
4575746
3366989
4205627
4255596
499599
9832917
2097648
868362
7500241
3602162
7092094
6958040
3098431
6629901
3329794
7875438
5746878
7584533
2149837
4635124
8425534
983916
9890495
5689433
7868638
1030531
5866572
4982067
2458472
3549642
9638671
859651
3733139
7022569
7042150
6212048
9650932
3343605
9175088
7972296
6876185
7788849
2112487
9280320
4307028
3504505
7539694
1720410
4596837
9852286
3895020
8090913
9823803
6009742
7756209
4375546
5748069
175011
9424665
9687475
9644960
1036200
1693391
5253879
6362770
8658454
34812
9443688
7182413
6636472
367450
2777648
623373
3101980
5480076
8924227
5649817
4938459
8911166
539944
864249
1544985
7196432
6274041
5826887
275689
7163950
173346
957349
6295448
3217794
2465097
6274258
2145921
669126
6976049
8447484
3189412
8623704
6345029
7833389
6859587
2404581
3165521
6602976
2032023
7956945
8210316
8018859
902255
6708781
8444080
9097839
5484146
2040876
6153918
2666098
9414614
639079
1346467
1054284
6507799
3071432
9816941
7457753
45180
701658
7192977
1461999
6235811
5001969
9635705
6991310
1802056
8800029
2659072
2073015
2465657
4469058
7910382
9774235
6240262
5505236
1597694
9501687
4392875
7869207
7830447
6651577
3683188
5669200
200042
7295595
9082656
5616504
8298151
5783500
9691042
7340859
2570631
6734406
2823298
5925400
7310770
3087793
717368
4796236
4752203
4651038
9742448
1624883
2374494
9073633
7616642
3663711
4686571
9729651
5588599
7419078
1540210
3631688
9397213
4739527
4460294
1465480
4530662
7375500
8193143
1484331
480502
6710056
8015399
6807783
8972955
772740
9659220
4299723
5917154
4783345
8388628
9338941
4557468
888359
8845021
5146938
7255925
5372044
3277655
8599738
8534048
4981043
3055519
1840095
6655876
5774478
5407204
6075470
394435
9195726
472360
6541101
8964431
8033319
9702396
1354784
9721911
9033986
2880624
7772220
3975313
6178133
3516073
7251048
2538122
7253532
7342534
7939084
9491436
3904026
3129686
2929433
9343976
6648203
7972802
5377347
9797141
9647468
8825440
6610723
7106465
8595808
1705936
7073344
5083233
2098929
8532000
1190442
7951277
4459568
439155
285658
1331251
2047351
1153160
5356849
1440880
2932102
1677511
7231141
8870642
7830120
2231605
9454571
2760153
9681573
9492938
5933545
5710618
3662695
3449745
4834354
9717974
3788509
9986737
6448494
3517137
3187777
3397724
8722539
6852470
5634088
4997187
4100210
6696398
8390981
3322300
9996316
6418394
5553541
6685016
1795616
6308914
8075822
3200327
1262507
4635050
755935
8993964
7284039
1759824
9502509
4136707
2541918
14661
3030515
6698378
19095
6432566
8114007
4910104
8850619
2977307
6505712
4191408
4736449
9484314
4001916
6269916
2200886
2738183
4294511
8865490
3386900
205615
3293672
8261848
4331615
8028002
6129289
7627732
8711437
5332717
5160783
5233926
3235106
8932716
2089096
7625662
4354258
3617745
1298703
4868881
8144813
8820492
8811409
1588040
5288413
7751673
987562
6879585
9581828
6926517
3562252
7618987
4468944
4467284
7952182
6390403
5885769
3486067
6146850
5546279
3574229
5144866
9760675
2061992
6506372
9650558
3990461
7110736
4690303
7413080
7874767
9732107
3445061
7073599
3936684
5320921
1110000
8039694
8362516
1939276
1866487
1015751
4102134
125079
1192015
6144792
7460471
8979315
5791673
3678856
623694
837460
348275
9025608
3288447
7077565
2479204
402580
48296
8610884
5813434
382100
3290827
2099974
1263426
3374511
9177764
3416812
2750729
1655691
6155839
5804651
2366412
3561654
5945601
1556591
2145823
8328393
7657954
5291471
4457322
1822572
3557539
3246229
3332791
1142789
2158748
348007
8891572
6754661
6381553
5754792
1426689
4074823
1934734
1912100
7087826
7893660
9316057
6421023
5992554
2828667
313479
8770031
9161182
5088229
7185340
9383778
8780656
2112166
6585942
6173709
779505
8897959
7492348
6537408
3705888
2203560
9647213
3373470
1729420
5216071
4362338
3317796
9901749
9285764
1521787
9539846
6889909
9844036
7352741
9764328
3117578
7575603
8245519
988879
1327191
4482795
7593412
768736
8905559
3070672
214338
2976563
5194026
4407037
549395
1448618
5395673
3231115
3091333
2731465
9715166
7305936
4036563
9811699
1536273
1419515
2204955
1222471
5891243
8957273
1822248
2498472
5897104
8258101
7589401
1814978
2347612
9970632
4331795
9799009
6967708
9421519
1238895
9995536
7887468
3524935
5721336
5617011
671314
5136087
2976600
6337822
7026795
7536212
8909689
7108218
7912325
125607
5392596
1455282
8017268
3181120
9295036
9035163
9571213
2269198
6740759
7537381
1712839
2454500
8807821
1571516
4716381
7272075
9956394
1498528
955479
9905399
8211856
3636160
4029795
8285723
8937545
9781606
4620723
8320058
1303512
6376562
3438926
8320533
6740611
1671837
3012005
4532584
6917484
6475357
7340285
631215
8369808
1760535
9393484
9629721
6522424
8819312
4329618
5280382
953087
2143855
2374178
5934397
9180498
1641578
9847724
1808826
8237429
4414226
1664708
487434
3515220
7747593
8104393
8989901
3570204
1644638
7614098
9350703
4667444
1425033
5888641
4570865
6785093
5824421
7701674
9879834
5658196
3375650
5685739
2760046
6117882
3813105
8867176
4032919
9378777
5568786
6002061
9110339
1654167
9993267
6472789
8576234
4378449
5963689
682880
3870567
4139123
9356493
2854750
1439992
2388235
2765558
6915407
7259371
9368982
303124
3241912
7463272
8171825
2899659
1222773
8725958
2894086
4102691
6005821
1046438
9354609
3148756
9115523
4884734
3638616
7592509
180058
1849642
2840804
7123214
7141664
249395
2505555
5587773
9917949
3402401
792332
402035
957056
7959564
2275361
6463602
9688539
2790024
2669536
2074082
5282810
7474558
8503732
9549895
9382273
9999375
1250206
139077
7515123
2599020
6572735
3832704
6427859
6353873
2886812
627001
9967272
5941423
9302984
1420931
4182803
4461635
4380410
5848251
3856490
5308643
2041895
2409703
9585501
5868059
920461
6837746
7264052
1463814
7111366
8358680
5413420
1825899
1249787
2471008
6588006
1562665
2690626
7360758
5959526
3346716
6923494
6161525
4114986
2670992
1754200
9429580
3682610
2753072
2869600
8912910
7517562
9598854
5409148
7367991
1849312
8379892
865258
3397032
7967380
1136681
8148534
4305908
1477886
4369315
5828119
5754781
7986136
2094566
6953727
9326111
955517
7155920
4497558
3323828
2408139
7169302
5587452
1165788
5927076
8785809
7344392
6633125
9805028
8927595
9047975
8239564
7486823
1488778
6659000
8488073
1237832
6584895
4987640
9327840
3513965
7878040
5496178
4512371
5872141
8540526
9680391
7781112
1014324
6221089
6619474
4608817
8597273
334309
8941034
7879917
6266240
1703226
8726781
7808923
6464304
6752271
431151
957698
5381763
7900602
2606681
5664198
5451886
4742480
573962
7247872
9287501
447857
5301373
1395293
3255442
2847611
9299845
3324036
2363479
2483658
3823365
2406760
2225752
1746207
8657365
5714485
6965489
5600159
916868
923774
6334282
6478886
6065718
234522
8999851
3383287
178245
9921132
591006
1525997
4780430
8267471
8975672
8412310
2963408
3138401
8978254
6101885
2926447
9720461
9123015
195945
5223508
1459837
5300592
1699709
3700045
1517009
6340961
7588346
6192053
8506116
8807817
81034
87998
6108021
304734
2263758
7461698
8764223
5821022
4094616
109939
1071963
1409362
9519807
361194
1097204
5955315
3163824
4229357
8874291
9850133
4400594
643116
286990
7235623
6386846
1619284
869322
2381549
5789562
8793080
1993137
662936
2297623
3900898
773560
4694752
213847
2916948
3137762
7911566
6178589
8460998
1146647
4542334
2727253
5034604
5695401
2483299
5863871
497316
1595692
1384613
7245238
4352998
8885532
8084753
90096
8461995
3032819
8301297
63100
7760712
1681760
4089230
4255448
1356861
9399300
3663055
8431681
2525132
5861923
5284346
9989699
9151248
418817
2604147
4985917
2071158
6898908
4577862
2302514
73400
2759806
4906656
5165522
531056
921163
7329758
5790737
3002994
5772219
7373541
5288357
8144360
2562824
7491674
5381492
7810437
7115791
6911616
8995411
9002168
4395443
4866981
384929
2312368
5696616
7525314
9144051
1916141
8487604
8618718
4360665
8828156
5629551
7399267
7000550
3498927
6561271
7862702
7883461
5330638
2327084
3950340
2908867
6589584
1815024
6340260
8320288
8797949
9426469
3334880
8976448
2938071
8290045
598030
3654851
1562659
8529560
2225458
1961716
3523770
7652043
7360454
9186654
8270177
6428105
5858176
6114090
3693524
964268
2280403
2487415
8027085
1514880
3741130
4178974
1445745
9198870
5646142
6482263
9596329
6135624
3613830
1413631
6832576
7234938
6474148
4971016
8281789
1698316
4987323
4555203
1838089
9399256
2131985
4354479
5280929
2693302
2780204
4252743
3297882
3476495
7988923
7145175
4414926
509646
5672273
8446985
2411652
9920856
1847086
2166654
1070382
5578523
5355010
4909207
6414143
7869955
3533163
7685626
2071731
9814463
1736772
7618548
4181855
631525
7692957
9698128
6817902
9758233
576392
8638571
6099806
5122794
5757933
2929792
5358205
9159741
4188784
469836
7027913
1770777
1777202
9280204
3341315
4839048
6740704
4942862
6407078
4015591
4010037
5600584
7654827
7408848
7712581
6200964
6479578
7880216
5595883
4670891
2467773
1697692
9340409
3501543
8356603
7950796
4397980
6326910
1084251
8154047
2191465
1619077
3285284
4845072
6764117
7834543
7039463
8266131
1310201
5296795
144255
8677569
3291231
4223246
5085822
9252714
5741333
1723822
8379301
6863435
768759
4368132
9438713
3842597
4441753
6153357
1891670
4271952
7777222
8095021
9123435
2879141
7486703
2994425
7054032
8855170
2410838
1627465
8172305
6334954
2154954
6735122
8125626
1376169
1237284
1035857
1454447
2651512
6100153
4409603
6946886
2410869
4757865
3575143
8819941
3326003
1476131
7484630
8415800
733625
2865757
5733433
7983986
9687590
953322
8785665
4259611
7501113
8794201
4843667
9184594
7205336
5487642
6554817
5309018
2004370
4737231
1298984
5678627
8164738
28965
7903796
392514
9767528
610925
4893982
137776
7271387
9451767
5827468
7814208
579285
4295059
6130323
3569066
2333293
2817885
6640915
347129
8811059
2077940
2258060
2801856
7841843
2940122
2654104
748444
5163742
4574180
472691
9968191
1335290
858345
5113520
6150133
337869
8786461
91009
6742085
9232004
8411219
2970805
745220
8923476
4975681
9778930
7962480
3437851
6779388
5511307
5112929
8908752
3959522
3149337
5128172
9699966
4410968
2088807
2343784
3984446
9482962
4298351
7658191
287331
2456725
8024247
7009571
9723582
3842657
6644098
3157391
3308759
8132101
3135905
8160190
387101
8267637
6639098
8534503
4317749
9961286
9207261
5240476
5472699
861177
9654769
9208270
70567
1735921
8304556
211977
7264552
3541943
8206485
4151623
2518130
1623627
8329075
9159667
7343910
1641248
9641779
4484838
5571935
6187018
8656876
8473851
2516878
6961304
1829299
2434846
7040922
5066759
9720182
9505560
4261445
4412086
7802825
3365070
2364691
4433136
8259486
9908820
539884
1564769
7581136
5688815
4686070
5205842
1292608
1165623
8883933
9789225
9722967
6648844
5068479
3528939
3805198
6128558
5039595
4620463
9233590
9359876
6413343
4201270
3968092
132537
1312565
8010313
5868648
4060768
7584511
9953429
3323148
9105990
6221331
8538261
4061820
8311299
618835
9857794
4556615
3696174
6953379
2120787
7108499
8524844
4441347
3516368
399938
9034185
1996916
810008
4758642
8229684
4135482
7671643
5466235
6911000
4634820
6470837
1070388
9152190
806808
2240954
4828117
7198291
7138932
8552160
6223787
5759481
6044756
5904325
7538938
5501629
5958580
2575824
7199021
1140195
2373876
5466356
5121647
3317919
7713014
4991065
8798496
1923578
1876864
1716828
3852058
324419
8602832
4233419
2104070
5971361
4203147
7152839
5097244
8454684
2040314
4382028
5188242
3065868
6911121
9658570
5086626
2266522
1052467
8330236
297999
6719912
6045177
924301
4447977
7180719
1253367
1313407
7423166
7876760
2891998
1201763
4908274
7339141
1471496
4021964
5568340
2654272
6304520
3263874
8440032
4295931
4355500
8291844
8844788
3865032
4256899
51449
5390951
1056983
8516651
4300150
8833982
6486923
9801817
3022900
4460876
5239406
9690336
1569693
7550906
1789080
8235744
3484720
7895604
983933
8081788
5993548
8676594
3992379
851188
8580731
2236554
4271100
3885273
624351
722633
468077
2688737
4034582
853641
8060641
1488888
9179490
5363286
2323565
2887981
4425376
4476291
3693703
2065895
9786294
7286729
4169940
9776773
9289178
2582753
2626088
5401283
1875327
2376550
9296327
9685673
2150508
5212704
1318119
316348
2253924
863539
560083
3413438
1556928
6645058
6018914
3039745
3214130
952461
1646152
2531143
2302273
3077144
9291092
6494981
1207555
4470341
8641571
5460311
8374561
6839771
6104178
5687788
9245063
3330902
9545784
3938508
6338919
9397504
8304369
1033288
1942498
6833761
62864
6288067
7456916
3273034
9902411
165775
5491866
1856477
3464332
5736283
6254481
6291942
1321867
9911459
5110662
1822268
532775
6423914
9847573
8038958
6304118
8240656
301533
3875090
6859806
2515149
5851807
956594
5193450
8773088
3226880
6160242
5316206
8112162
5820496
3040785
2814704
807647
3546641
8268106
2288818
5213254
5852203
1032536
5750948
3013553
5131536
7918582
4477506
8408473
1171521
6871649
5855855
4346347
7337461
6529631
7571828
924198
3201966
3300480
2590580
4942610
5548314
4917781
846619
8436557
3986940
6343626
1171747
2051040
235984
7887388
8755652
8941849
3649060
968255
1775737
3314844
7717328
3918138
9074452
6118979
2959148
3051154
9852071
4497199
8258794
4518722
627586
3887961
6656644
9019679
6361542
2748064
4086527
2979168
7341301
4883354
7235840
7681580
650401
7084737
6806990
8604444
1387514
7538686
4365690
6957867
538454
7108860
4633679
5970155
7911673
562522
240506
9862417
8207448
7206063
5401328
7502933
4721829
4893912
4827638
3859271
6437645
5657094
9154644
5303080
1228556
9822937
9629675
3858927
3973455
412921
2170892
6978446
8649757
5806767
5562184
9131538
9091167
6107475
1680686
1285236
9371218
1568044
1346407
4930113
7184949
5488026
8917968
6738511
8273028
1076944
1525557
8785693
155547
8453101
6618139
7200947
1297091
5196343
6675014
2586768
5394338
5736591
1118343
6476104
113877
1662003
7428739
2146077
3598726
7176153
144710
2401331
6579926
5235511
434001
7603289
6752649
576870
5260333
9060268
5835018
2053608
5745376
6960634
6229123
3121051
3140467
6398687
1938009
9638121
9667885
1326455
8150036
5702919
8601167
7850812
8464783
8351422
4543873
1950271
4188673
9281095
9372141
487863
2486422
2306309
9708429
7167049
2384792
6293916
6707339
3626910
5821986
4876425
2809321
6043421
163455
8617575
9691787
8913964
2768597
1167207
638326
2723210
3912683
6394888
3400140
7498960
6165665
4263379
1969468
651568
3898093
773083
7428744
8628512
5687265
1135604
7142158
1875767
9142152
6311841
2014674
526687
2223228
9015680
3547699
8465736
4978730
4083818
8821196
6670539
7778632
330081
6423070
987351
5059228
8073430
5898724
2984233
9889518
8069068
4796393
6978602
5661951
4021661
2620508
9961319
1839856
878686
5809619
8476592
7035019
1701633
8077316
5495864
2450324
7605195
9906115
7389638
5584289
2521733
7124266
3532724
8067343
9971306
3984056
2133727
5424240
7813680
211429
4824442
830150
4776831
991290
2431649
5025353
4494639
5765582
5385484
2952237
8235968
8923837
5144922
3726061
7840318
9578631
9774926
2877210
9727903
1093302
4204433
1310964
2410252
6992297
6044172
7476515
5245356
6521377
9396643
5963577
338954
2800921
7445772
3611364
6357730
9377103
5870337
1054455
6827681
9365150
1508452
2127911
8567420
4438468
6715225
7616113
6248932
3100045
8833026
9618436
4433208
35058
4570977
6620292
654121
566280
9856223
6304970
8794047
8662721
5605114
1696947
592646
4668641
1177896
2464281
3965403
2165955
1314425
5464381
2208319
4691717
1542663
6528711
932252
8652403
6147283
7631490
118672
4515797
7593193
8772927
8610022
1526655
8109675
7040725
8473888
9832359
3035224
7580772
1063624
8532357
3964109
2008379
7736772
9522252
6791942
2956188
6880318
2466774
1774087
9390652
2642481
5784682
8108840
6945773
1496571
1179302
1997956
3121764
6995553
549626
3080665
3356255
8867550
1560981
4550581
4254906
399762
1012810
677331
9513386
3303965
6257754
3696921
6303663
7116001
1590915
3362290
7120233
3108381
1088394
1300168
3895015
4038143
1293123
9826293
1952938
9103539
1370497
4796343
5431272
4992412
7108093
4328186
8929067
4594427
7803818
30003
7562689
4899124
8266847
6439902
5314796
9930655
6104020
3491575
177531
9294816
9857065
1098396
3320157
5538017
886140
9459408
3898721
9794613
973843
6271649
8255726
4864363
5300130
8968766
1116664
4667142
2639253
5688954
6329943
2731439
8783035
3170251
7183026
5705106
7680638
1480540
4079502
7101568
6316581
4654318
4689100
9768175
9277482
8660073
5130343
1059717
7923570
7375860
2064494
1006718
2975886
8604977
3353056
268106
8668068
7656796
8765492
4638321
1102306
4790157
9526855
6879840
3122107
8392986
2610361
6820614
6062095
7640582
2926505
3837782
4886298
9312819
3644550
565736
6692476
1102053
287150
3701059
7482361
5577563
7517673
5179620
2421078
2713181
9757023
2303345
6881370
1424456
1933521
3463626
5196823
3547285
5688523
6687174
3231710
7219029
5914862
1766943
1155338
4119286
6320081
2974008
596256
3124598
1641461
6201531
9153952
6940571
5498033
3992785
2342865
93898
2068421
4412654
4225377
2315682
6532141
5192822
4622043
7912684
6700181
9533166
7354733
3617092
582474
9365703
1632204
2997096
8642452
3426003
4191673
2204942
3948587
5156952
6904785
7953263
7481903
1586860
5460988
4674175
6045439
6120740
9850436
2779351
2556815
7741185
4274076
1438785
8608146
5592211
445374
6434861
9720575
9093379
7888142
1689978
5229092
6720607
2401286
5434779
6277885
9886444
3375025
2708849
7055865
1369189
4408580
2232805
7981676
4069678
5415800
3847552
7031540
8487705
4293377
5709642
65983
1342246
6038788
2417788
2667117
7636522
1324600
4651
9613567
4032473
1230465
6072394
8625333
1399307
950200
5803763
6510668
6414100
1281277
98510
3280208
108987
3503272
8754939
9212795
7339487
9095153
8861224
2914335
1861104
6025692
631961
7006105
6674626
7078028
6327823
1389668
7519167
2629129
5342339
5519795
1900033
4629454
3299889
108811
5334523
5528639
8860241
4168597
6240474
659186
7151357
4907537
9789755
251553
2745067
5641107
3790396
5660323
8534529
1094471
5633918
371708
9318059
7261584
1049606
9389739
833378
8086965
2705583
9700074
3024715
2256770
4612863
1377641
2158054
3599891
3002666
6221036
2582216
6962382
336375
6692240
1323745
2464937
549652
9313304
2133852
9874890
4480100
5925382
7103111
7618741
4247395
7177264
7713736
4833889
5727118
8750158
253790
3105036
435299
5071651
4541357
8024213
46056
6356185
3846416
3643870
2227350
488237
2399336
2015936
9407529
3641718
1341503
6480354
2601049
385321
2309519
1793387
1672929
2423930
107814
4772215
6665301
3334588
6788758
4449047
4924723
5991391
4890829
6822493
1227525
2439370
1115489
6835200
419072
8703624
6871800
8373079
827785
5847319
3023864
7650315
3919900
5347139
2914568
6692246
6839399
1805529
4532651
443079
3308732
3371701
5831357
8731032
7475598
8017859
399853
4257035
1281562
1594346
8970632
9522964
7264818
5040341
6094373
803101
3881690
5254072
3078364
1181259
1167506
6949691
534495
4938821
8779604
7068826
9105238
6161398
6409703
3486132
9175925
2567539
2387106
2109294
4787555
5205579
6789943
5952166
607568
8202486
417461
280086
9799102
9218650
7258478
2148496
792802
476289
6990848
3820193
442058
4685528
3595958
8224556
9994236
6528368
1709865
828211
8865315
2109695
6783981
7348015
2687326
9147811
2839266
6722960
664173
574675
9072931
569617
5775207
2778358
3750773
6502297
862547
9356873
9624042
3619210
5714043
5510760
9355979
1281895
1368999
126590
9517105
168762
4091703
1221035
7396609
6002059
2340071
9289853
6207989
2162688
7438895
9495453
8941515
9694545
9481186
3734758
3935158
5448640
2961965
2634109
8827957
1872515
6602249
8669613
8446532
421242
985681
8977743
2837994
2906345
4955853
8840077
8133898
1282434
5342111
8456415
6184076
8710672
4446007
4395782
4445127
4806479
5346469
9418920
5971818
7665893
2802385
5185126
7709426
4455256
2273692
7572681
3258297
7967984
1979263
9042510
1679429
9533620
7082041
4000271
9633519
5571719
5454278
231362
5747218
5122544
2692604
1897767
9413037
9764264
441595
7956394
793901
6824243
5226274
7034505
2458576
2015560
5903228
4097871
9716198
1769865
3471619
4498125
676759
6063108
7404407
4057033
7214165
6758285
757921
7857324
1181560
7676744
2801280
9244505
8830072
8573791
3743983
8859928
4787758
7688878
1431900
468264
4563703
6465663
2354025
5899675
6623118
3163575
1503938
750500
1139493
1367229
3086199
4947164
8353330
4975949
411738
7620190
4256481
531315
3519066
3764914
2036030
972825
3925871
2904007
9846428
6489256
2407622
8160498
5686276
5810628
9380602
9384844
4130606
5931181
1478527
5157696
7401266
8009245
6865524
351761
2680604
6095796
173224
253299
7269995
7560945
4576139
5506876
3279950
8627698
9122416
3697433
5471070
3933152
5029771
5266660
259285
2147513
4291596
6309719
1141031
1375366
2039577
2924996
50786
1206442
2431727
2108382
4046996
7881984
1634406
4213877
9063492
2925757
3095151
5379410
690800
511717
3091931
6486369
8191951
6866987
9335832
1849950
5575945
9499026
3303150
4226575
6293155
3265996
5004734
1568559
7635916
5899791
3612671
9160784
2052224
9473739
3545798
738777
7063800
3351997
3933689
4115192
1281327
7741111
3272981
9921415
3553373
9079123
497600
4637592
8274197
3570684
6515618
3123657
8458106
6973108
2045321
7557657
7597148
8203573
4349576
657061
7184416
3424465
3473072
2288422
8596339
9882320
1994265
3021845
44640
134796
6316150
5279596
1393736
4738223
7089118
505462
6765033
4941089
5593228
6469645
4166164
9586655
9488829
6134200
2476381
9576989
5275602
8469982
7410515
5355182
4924603
5383077
5759086
6723039
57545
5913940
8891954
3431846
7562004
9054257
8455662
823260
5081620
4772150
7589467
8367996
1059534
2985639
4347147
3614803
1664588
8339762
5097693
5466977
8571883
5527433
5707451
6744303
1645245
9176722
4261306
4068905
7517583
3527306
7816018
7060403
5383473
5063447
6594737
5224456
359678
3819932
2695479
6396994
5490961
6359534
533583
709867
3670385
4991112
998613
8039439
4409763
2977572
2430959
4859758
113006
3760006
2710480
4132944
7637074
6764800
5224479
1657026
435158
2752824
7635237
5960753
6639268
802280
90291
530365
407189
6727610
2376955
2111285
1179976
2829241
5488740
8099151
2293222
1444187
1003941
9623982
4735205
119032
4804049
4562218
361169
2981213
5920255
2560555
9524538
1626138
6450189
5540598
4842230
6968071
4978511
3708960
4105553
2632993
6298423
4018195
161309
5370220
9885066
7265240
3440848
9639185
2172392
7111474
4213991
8836930
3685225
124403
4557976
7281729
1173312
5091232
4685254
8108300
3506021
2962551
3598816
7924822
621429
3245215
2782861
5858847
7886214
3127345
760771
1878944
1528563
7171953
399811
5434594
6158629
3422533
298432
1108221
8478302
4404951
6582970
2237037
4137910
9568130
728260
8025749
3904738
5550520
687027
5319708
5339287
7969118
5959050
2725453
9506828
4337702
2403132
9041500
8421873
8096328
448622
7619771
6029609
122542
9714568
2849637
3158001
923731
408884
9418688
5150598
1852045
3864182
9750432
7648195
7375278
6047592
8705212
8594997
9250077
5511203
9430540
7263094
9029171
5803839
544431
8146754
1650038
7375459
4780220
948144
7412666
7516990
6166698
8386796
2783867
3729621
8107422
5889999
347369
6751323
9304784
3327890
6005028
9225131
2033626
1135552
5186771
2092549
8094817
7052115
3073657
8695617
6581329
5636585
6102806
5963101
8696217
5783279
2700233
1595171
4754996
6564939
8128803
5986196
2702315
7494464
2700146
8221437
5309912
69350
3150173
8394277
3561371
8389825
1182511
5336221
1490588
6342869
4377969
4314204
1878285
2738877
6953682
7999425
281769
8229196
8091390
6827537
7977363
2265838
4291582
9886778
7405510
5248547
8019246
1021459
966991
3510846
7488004
2583865
5037992
3018959
8605856
9430982
620300
7340321
8247052
8319944
3539984
6793033
2643671
8980297
7976164
3016931
1827939
609061
4083089
5140855
4287395
2420424
4438238
6864610
7746682
2069300
5582029
3987103
5390680
5806591
1761513
6780285
9801334
9879405
239469
4598784
5552765
6635943
8607331
3292722
9068743
8836575
6195999
4769741
7702289
3464924
9920379
4446518
3989498
6642782
6371085
1900235
2066781
2022030
7816311
3780743
6002049
1112180
6054803
6074360
8586641
9534826
1979841
1604020
4435033
2476833
1364321
7569872
5836334
9756556
2784256
2723411
8538827
8152321
426666
9149331
1247803
5708437
7368702
1511869
6529036
817373
9975658
4987773
2474073
5146093
4934556
3316250
3911236
7246286
8348368
744847
5884567
609778
5417730
2389503
637097
2290892
3151179
4570739
4035556
1418336
1393560
4047544
8570718
7306586
3854607
4010667
1406406
6961832
2784494
7070503
8093738
271491
1966211
7218457
8272151
6300613
3739301
7884651
4272861
2964883
9778529
289831
2893363
3113058
8288471
4231725
5101978
5737152
2047622
1888184
6770529
6065736
6102966
6666484
8188794
570869
3797713
4472007
8756009
260701
8968311
3981371
1309774
2444387
1794685
7359224
5971488
8180581
6288253
9890588
4484386
919181
6264347
1363235
222940
4315444
8631863
1567245
8760890
5225515
8939514
2610740
2153604
6263619
939632
9638034
606161
342148
6824305
283655
6451601
360445
3042225
2316790
2110788
9378837
8584588
4760791
6739305
9811337
6798192
2860161
7555291
9949773
3238343
4839844
5517559
8101828
5023
9923521
3374128
4318402
1941377
6871329
786532
6938025
457248
1651825
9582661
6560454
5596914
3032743
4217632
5593661
5786946
9005588
1336342
5198056
4105098
9217156
7435456
54635
4323495
7288672
1315347
8808641
9318991
812622
7476159
9206574
104085
3037275
2917508
9177759
7996299
6343156
8026111
1204495
3145831
9620750
2131076
1576785
8566978
8150059
6601020
5760872
8578025
2668292
9233520
516624
5428947
4347302
1404986
3102323
4188786
6505339
5260362
4711988
497124
7199537
3959382
434671
9869638
402460
975184
9117032
85878
5655098
7004081
5031295
6883156
8202388
4194816
829642
2681835
7209703
2714038
4693975
8172246
3871980
9440291
8343231
5581965
7068655
3667649
6578646
2076265
4972780
2334491
9181477
1736847
2500429
5198291
3446656
1218525
7143402
6224221
2104472
4437902
7010967
2680834
264571
9227836
8307714
8439436
1672300
5341766
1784593
8411703
3349868
5525145
6045514
4152482
8606786
3460083
7496511
5763002
521629
518432
5872186
6364087
3577731
1398743
7938149
8935898
7997566
4550803
9698987
7934733
313250
4601539
2898714
8549570
8492304
8562995
364289
6112344
5920889
1990729
1370897
3635111
1712194
8097591
9276654
9892320
4201030
780523
8409544
7718145
1126258
1114315
69641
8974954
4098804
2250356
4512116
9550361
3155705
784267
7145561
5366678
1843965
445089
4675007
3495132
8536286
9580574
7407789
5309822
3415553
7529317
2295406
3670172
7670253
9753411
3300144
2417036
3210410
2624
8369267
836175
7781944
3408790
4640483
8789377
1548109
2520788
7543661
8736231
6415421
8858538
1622585
7678633
2757487
1853885
4521786
5315727
8260276
5182233
833063
2393128
7638263
9601920
846641
822669
7585137
1492384
6165977
119369
1575737
2729775
2326134
3263600
1879606
4416403
6800576
992834
4437450
7767098
2484736
8104383
4497202
7765018
8487995
2789769
5942351
1737941
7478575
6394897
3691892
7909232
6778228
8043832
5391128
9473326
3970197
4037912
7604976
7087805
5936776
3887174
7076585
1365534
4923589
4293354
3976289
1465976
6347470
107962
7597428
4881990
7500868
2425114
1539854
6825857
189118
1914381
3445100
1639271
4277712
2541987
5428456
1904775
3503104
1656695
3469658
3281714
695073
1489956
112880
4452181
8415054
9783416
1273772
8808870
2954217
8536184
8436112
3886045
7823684
8021866
4172163
7311944
3595639
6186240
4470804
5582240
6264884
6918926
8861468
4173643
7744702
9199821
2420308
3376550
4980620
4081843
9578347
3878700
7530808
2570067
8981417
2304746
6814462
8074016
6183500
5419268
2234187
5455007
1867564
2454151
4084681
5512851
9275672
8880029
6790067
2731499
9960477
1215204
8434644
1323617
2941147
9047652
4846589
3838105
1067958
3828876
5744564
5142374
2262547
4868169
9387685
959045
5456475
3237509
1442624
3862617
4569999
6469822
4204298
2492741
9957983
9482465
9089256
9496643
8719923
4074699
5017016
5770403
8870969
7611408
3244246
8834518
9604263
7520571
312607
6000302
1654684
8225526
4424942
789308
2186472
6429022
375794
9679192
1113188
1021369
1122496
2281934
6486829
7568324
8514656
7053551
1903744
7736211
9122002
6722674
8877587
7758564
9972930
8254124
625548
3121069
8291528
219362
4973841
462706
5657455
1798457
8727432
9910507
5982570
6336597
9849735
9535483
6242872
8685237
574915
3186653
3463227
4761139
6238197
4213959
8653105
4275505
799190
8867089
9494954
8579768
8348570
9319649
2787933
9376897
4738906
8886548
3285982
7770622
8988665
4753548
8848147
2784979
7933274
9975834
8934950
9011323
8353044
4795591
6129963
3537608
7870453
8377620
3431488
7850949
777863
1573965
5069640
9579355
8925612
3246067
743854
7222959
6519618
2340852
8495095
8180068
2909391
9820734
4173224
7237163
6289145
4688618
6385801
3067718
566420
7762903
3788646
9497404
855354
7438535
6100955
5807727
1011702
6902097
7442278
9699987
9795982
3500740
7154563
6788976
9217549
2991418
287874
6119118
960772
2092821
2844365
7776600
9972756
5562571
1909922
1181922
4633292
5938698
2698593
7327503
3189740
7078691
2749595
587048
5712014
5265294
9845262
8500228
2728713
6110884
6501202
8009587
4212814
5488639
7114541
4933732
7937696
50759
5774023
6066265
2246243
7067703
4877152
4151138
2119188
909281
4933699
1105401
1451460
186674
2526227
6820835
4729570
8296353
3682694
9833162
5656902
5195446
1622936
8869094
7708624
2760903
1367621
9243591
1504482
3537822
108797
2704460
1239827
3035253
3389415
3718927
7800447
6551640
794626
8203054
1733142
8152983
5081918
6951047
532849
2194775
4131429
1985708
9496832
9027797
3497208
3905034
1929717
8761012
5307119
318936
8264982
5474175
2764005
1946145
2196193
2399927
8997002
2608870
5076958
4293965
4318770
4365738
8632203
1091711
1862741
2416596
4706783
173320
5269389
9346117
9364980
7724893
9970884
5059361
630762
3411624
958635
7310156
8043637
5317920
3628319
9417777
7581949
7796854
7729466
7697578
6063331
5569953
802277
2207854
8602445
5189548
557170
2688309
6038822
8567216
7679257
6560163
8576394
1840839
3991041
9181802
869316
5309173
4556170
3016520
467867
9944318
4232778
6536562
6850541
3960109
878805
35377
254944
6080962
1769981
1931272
8005585
3991401
3793258
3769085
5472647
5919787
5677742
5897998
7369087
2224328
2103211
2566774
8891285
145732
9804926
3052872
1542934
4361322
9068400
2146451
1251461
8353893
9230291
6069220
3259401
8210751
5304701
8152426
5192451
7012435
798042
5972322
2734520
1672847
9548404
5223705
2134356
7237516
4820638
9525155
7808321
8508158
4539720
1458971
158634
7616878
8358166
3893007
2688483
4501074
2056105
8827266
1419389
5240029
2113519
7098532
7378687
2269331
9436456
4056248
2936280
1278209
7629143
7494421
6300129
1221658
4653700
5914373
4081859
5680128
7640445
9345199
2729693
8698974
8924974
5415028
3795090
2230195
1145805
1085005
5549251
2538186
9081907
3289617
2866248
6931915
7186350
5842594
1111673
1946798
3954273
5547968
5551669
6236495
7995287
6503891
4061931
593869
9780643
6890723
3851249
6463098
6815015
7222626
4292312
6172334
5481776
4773803
159243
7979649
3054343
7224676
8951911
8578141
6560872
8274640
7923011
4416158
988915
5923849
7510703
4453850
1499063
2221220
3569358
3730616
4546214
6425761
387974
714923
7753194
9328493
4689485
7617295
2735529
5939728
1097158
4720415
873665
9355363
1673908
9359749
1609179
3459463
7414138
3800234
1774932
2683338
6759128
8701605
2281110
8298857
4413730
7277137
6061379
8588040
8415724
1917549
6695358
2681469
652962
2048343
8123804
5117132
9810705
9835931
732440
9497257
3483042
5130342
2091141
6773070
4193725
9299403
6619777
1226956
5997745
7775847
9471048
1349061
354159
6979237
9273314
9258968
7161352
7837042
2934722
5661908
2201812
6317291
9982157
2978382
5228453
8256046
9330925
4636550
8947192
3544066
7769890
3594392
4606505
8364715
3409669
8413027
4030797
654169
9274941
884122
7191741
9163686
3053591
9025650
6037851
6670286
4177637
8624435
8454231
7028615
8956854
815925
134501
7384979
1401977
9867526
8998518
2398593
3218276
7775203
7911381
6615239
7446354
6875517
4246735
5345764
3022773
9978162
3452233
1202021
1580025
4530747
9588366
392454
3794814
5587568
7157544
8536839
5768698
9112515
5237094
8130616
263648
9928675
6656225
9790425
6405272
6929783
739397
7596431
8177549
4422797
550897
9079662
221188
8013556
7233723
5076796
5161175
8728732
281205
244741
9875009
5177197
1432480
9883301
8576617
7125937
6442920
5321188
6496932
529446
7136010
194818
2088182
1325523
2829121
8579173
8466365
7785692
3936028
2158060
9386305
7867801
6893089
9509528
4379799
9799541
5819092
4268551
1048879
7668536
4889956
3251083
3714296
6465317
8857934
1935517
970991
2944901
1142476
5061791
1978158
373514
5926182
6753831
9580157
9968469
7655922
4724189
8764574
546127
6514708
9101841
1260138
8499077
5376490
7214502
6934686
3456559
4594035
2036329
5938242
6878910
3707743
6232373
5925799
5303764
1435082
4435237
4095564
5519015
544484
3778738
9407774
4628906
4585807
6562990
2567798
9570067
9454405
3897106
7134987
2909206
4631494
3458073
4400124
4899478
6490498
3676442
4020575
492451
3997215
9628338
131173
1987909
2543273
7218981
8442765
2118830
281675
4284710
2447167
5768427
6875300
8763908
1244360
4169736
3965800
3026538
347913
8388691
801423
7345983
6403628
6858509
8019870
5889257
3264468
5418405
4616978
9256723
5286925
1493996
358678
4646000
9920295
1851596
1046350
146714
8089342
1612708
2756486
9969035
3694892
8640954
174064
353292
7259192
9375658
746975
1853577
1195172
6089365
6107048
7250885
5100782
7996276
7434765
9228559
5874565
8099171
1183682
5115460
9769090
1310829
1796360
6010496
3393634
4692262
8085094
3270166
3089530
7523256
4038575
7606544
4743688
2468374
3137008
5947685
1474941
1913900
8554226
1014123
9791104
4174245
5592118
4291250
4412780
1019877
8644590
9260999
2281310
3814390
9402730
4743348
5310900
3074979
8145374
714186
7929726
4945297
999257
3543264
696493
9692641
4580862
7764666
4594656
9645042
6526596
7631569
962091
6773173
3195656
130620
1129696
3059443
1582773
2932598
8418307
9080920
919471
8535105
581571
4798824
9372924
3481515
8915434
3391879
5194643
8970605
9101340
2790117
2043463
4984544
1418187
7284483
3522225
5908576
5631805
1775534
6704798
4534879
808387
6987619
3409920
4032998
7169137
5097711
8611036
4619135
875566
7828012
5495842
6590266
9302736
454294
8516514
3264216
9162064
5576994
9663172
884083
6920537
1400923
8508942
4306000
1667841
879444
2560166
6664436
7980108
9591751
8162825
1457459
8547265
8209042
5323873
8341996
8163068
6694925
6793794
4634903
4109310
9760452
1598138
8743528
3189555
7504620
4499663
7539238
1290037
5051811
4831695
3458884
1685866
5629611
9291521
2715116
4766180
9493230
2299660
5573052
9160493
2999123
5977649
9009439
7660953
332650
7000644
1390924
5531942
251004
4663418
9251282
3466502
2675047
9814099
8455361
3840078
3166902
2017288
8693791
3114619
4462109
3788429
5345760
6264824
919979
8357699
4872611
7671308
2917842
1394537
4312127
8393194
2344992
2671362
5807914
8600399
5625446
5946733
2861099
5926240
1159378
1299123
534177
7260248
5385938
6930175
2530103
3609117
5023213
509999
9867944
6087744
7282257
2028941
8536319
1041571
2346604
7610853
318647
9070838
1863138
9636076
3205565
1305797
3902315
625757
60060
3803426
4500498
9423309
8364480
5228659
8424158
4279672
3326202
2913131
7080212
1203013
709100
7996064
27715
6495414
6980294
4308063
6880258
4207007
6437375
5346775
6875059
2359735
5168033
4893106
7060964
8304060
9072937
6409595
9477171
5377877
9385768
1866728
2866522
4679834
4158950
6362919
8628788
5081309
8163882
3789239
3940577
8841369
9362082
3779302
2463871
8521908
7946788
1546384
8256655
2552998
1020917
8008626
2598524
5228465
9802676
231851
6010086
5214114
6711879
5252995
8145414
2548884
3103406
2895149
9037902
3324976
6524726
9336460
8410179
7984954
3091803
9480456
4956766
5729495
4736090
8360303
4717422
851548
4556410
6098553
6336530
6879250
8812836
6863468
9446473
5845465
1396720
8138192
7832531
2964056
1099224
8778721
6725571
2702802
9532055
6144945
3806746
9608409
5373394
9696387
1305887
3530922
4682840
6892462
6128715
3689931
4569106
331260
489752
7640697
7862376
3503144
5606385
1273407
5126575
1211955
8104492
4725922
4445046
6405536
686710
1423597
7571111
1523813
2891088
6996491
363945
4227221
7248911
8454500
5168068
8448905
1232547
2559989
6173930
5052831
7803436
6146611
601562
8925171
2094763
7026937
7079328
3620871
4807306
1105895
38455
3863261
8790359
5045749
9997173
3658021
7113973
5136575
1687795
5589605
9200707
7140631
3000850
9032950
6501364
8279888
2752898
4523304
5603728
4191948
6448546
1842225
4459097
1026942
3331941
7988647
5215819
4398637
7496902
2334580
6369021
7820120
5050094
9299213
2474190
962129
1501163
2196179
9059115
2130626
7799723
2090774
9396683
3535336
7934527
7303488
3501131
4633613
3016391
9173713
4116858
9817598
4920224
2037304
3166819
1025720
4204367
9606171
591111
4304332
8482099
8599628
941316
3534209
7114710
7314024
6128642
761555
394728
7686001
4789934
9767175
1998575
2117867
8666668
9486238
7157496
2333485
9321608
6634285
8268124
4291544
5338716
8608617
28517
6241931
6663244
8554949
107661
695922
2588931
991957
9087198
8463947
9113429
6985774
9064185
5646328
5927201
7054802
7668093
7061844
2969395
4058691
3788324
1076916
5867017
7088456
8562094
9424091
3258896
4054548
7807189
5569160
1140656
5648909
2564417
4374499
1144865
5367235
3351003
3680720
9359881
3874217
3617852
6792535
7148158
3447386
8376468
6860490
3700483
8406839
4322579
3112073
4828102
36453
581945
8747712
4503721
4232018
2149808
4845533
6515916
8726412
3844185
29327
6495444
2887786
8624890
1268318
1647725
3649697
9554219
7998700
674973
9314108
5222945
2076219
1108166
2382628
4454667
4116263
7013941
5212120
2348361
419529
1211521
6741743
9764318
8144875
6175523
5129464
2978988
6470125
5091293
4072572
2740117
6054614
2816149
2694999
2993542
1589620
3016877
9174645
6206419
5720558
7327880
1525605
2828664
6041996
250893
2588344
5389233
3588192
1748481
8520815
6944504
5360665
7268028
9332237
692912
5696469
9974521
8345610
268329
7140559
8168200
2848868
7393489
4749974
6671889
673656
2938292
8616527
6132158
148627
7991928
7408139
8642290
2334150
8503610
3776719
9057826
953505
7695359
8922986
8053044
9947933
7199821
2568163
9759917
5252109
3242157
410404
5436577
223689
8605117
6141698
8971362
5793637
8396963
3100126
9663618
728959
5045196
9961513
9899291
2914860
4570114
7039307
6492994
3050414
7702019
8147459
9005423
3334528
5874623
7748596
5147423
3304018
7012966
6786272
7795825
2628507
5189151
6389954
5577420
9965590
8612045
135316
3671663
5878762
126056
8456683
8388224
8239906
4423389
5031273
9617500
1861531
4353361
7710389
2130197
1369923
7768573
8244523
211739
9344965
798297
4897194
1695893
4917795
8145586
1939020
921517
7781262
4094200
7437489
7156144
2624458
9758214
9334675
278123
213373
729710
62948
5592900
1151923
4056778
7749036
4233252
51649
5536887
64236
6873779
1799882
6355192
847454
415697
1774261
2769993
3092333
9504381
2688862
9663449
8386726
9489678
5553829
7885094
7706225
2427358
8983350
9292282
4850991
2487852
3464694
9317352
8374492
2555539
2774160
9820057
6967424
8817689
3458432
9791145
2087641
109422
8542321
1942555
5177738
1562394
5146213
387327
291833
3521963
2582957
1070910
5696415
9499015
8216760
4602486
63753
9788101
4445739
2671949
203991
7513697
6964443
749425
4473005
6041767
5969360
5762132
3686511
8498587
5646060
5483385
8337601
1627515
7927046
2302832
898304
7359850
7664938
9208649
69130
1011832
6142558
2261947
5399345
588799
4018262
7655813
954649
3378562
9767899
6359280
2907726
1500488
5312877
6052674
82736
2191676
7659041
5485714
67822
6189926
4140321
3004553
7855717
7534372
242772
1985060
1920437
6972998
704379
6105517
4201642
3458227
4711987
1089597
8056634
6799794
9345402
8398158
7371537
4049275
8821500
2028018
1581631
2414006
3004264
5421782
708951
1603785
1359365
9308750
3659519
9232437
7243170
1350505
5224285
8100374
8524162
1630050
4930071
6996947
9128843
1853652
986463
6094548
6653104
6521415
860066
2259190
7995180
5539827
2431293
2940363
8838900
524347
1008257
5593194
1418087
5057955
1899003
1935002
3128754
8462331
5992314
7970194
7023939
387228
7120137
1829685
5112232
670922
159549
7586165
4985309
1774201
157612
2801386
4346632
5675461
173431
7694003
8264695
7378335
4927791
3483995
4048037
1114240
8228475
3733464
9431174
5028370
6728293
6010985
5587684
6073281
7706414
2404713
1441275
6683131
1864857
99128
7708450
4445196
3535029
2855323
834430
4007905
2243083
5374095
5761861
4328611
4871871
2591111
4852386
9733386
1390979
6482768
8064557
3061761
4280793
7122008
7589367
4702983
1311376
9865081
3352309
7219012
3606950
6608723
1992328
9456818
830745
1939872
2738060
4210940
5917932
6207695
9262290
1354436
6979269
1150337
8729899
2385015
8563569
2122692
2889918
7732859
6127752
9601772
6452843
8924104
2117367
5893456
6562748
6759045
38622
6148501
2834543
4809569
5208217
6580708
6680851
9898356
9490382
5864546
9000187
165088
3717098
1804643
8225014
6187183
850104
6797632
919352
7138143
2055274
1327214
7485926
4479577
3474555
2697841
3150324
2982927
8234807
4524342
1878464
7760081
7468724
5294884
8794308
8983123
5740278
8105890
328659
9680062
3838232
295831
5068532
5043311
4249079
2706910
2877243
714231
403069
5686909
3860893
2881259
5939517
2652214
3224915
6461568
53512
5899519
5814322
4024955
2748812
4894496
7314122
3722382
9280206
8245841
8888537
5416968
8908922
7059143
1893577
4338241
3293909
4368483
8443970
8315210
2820785
5839791
5596610
4472200
9381536
8831401
687204
4074313
3630306
2592802
5035353
93045
5593307
9202516
2457425
9648800
4677618
7292315
8966492
4447950
7412978
1139854
8787211
6261421
2175077
6549241
6436161
6336084
9749934
3610799
6198223
9824236
1709748
5340743
1194907
4236910
4181161
461728
7075782
4012994
2092743
2583450
6340551
1901067
5433994
4673250
6366827
9465612
3736050
1810628
5072408
7762869
6791903
149959
2031103
7212677
8961124
359019
7523564
6369046
6115098
5587257
7154531
4999719
6526796
9649635
2072728
9372756
4300309
4054299
4398974
7307145
9392248
7699608
4892227
120057
516513
4479273
6625487
3792182
1345688
8300532
7554705
5915149
2987956
7998048
9082615
260948
4338022
9083577
8803493
9067065
3908498
5266709
7279831
9354053
9497262
4388699
4770666
5643196
7294839
3362317
2981210
1985579
3708013
2133168
9090412
6554309
7773906
2615561
604597
1971053
5666217
2238008
2930696
8089209
3790718
7735623
6012517
3622591
4501440
2900734
5093882
1017005
4960880
2043984
5474272
6475517
1430053
4139528
6639316
1879220
1774470
4654848
7394361
3049170
4213854
2128413
3309117
9837385
3263798
7975560
3292293
2886427
154149
5037022
1595298
2859715
2105656
3399881
1908611
8578469
6825
1540020
1537716
3013878
6946593
1568488
883836
7389460
2610702
3245826
243071
3833830
1381279
2913430
8101570
8760140
6649662
4970907
804695
7394244
6937559
243568
6127933
3743181
1284553
5999407
7463680
720701
3889115
9424996
4537932
1086293
2058822
9017821
2769618
19070
3006495
9260754
630772
5442652
1898076
7463325
1642371
7028277
8412244
3451798
6953286
7704933
1826674
7161518
3216601
240428
4110130
782602
4424952
2700773
7831091
2008928
141117
3956776
4465328
1320706
7913636
8150610
438085
6459603
3687706
813137
3169872
9325512
784949
2163730
7246240
248421
9195473
6043057
8067527
7518569
2423436
999249
571186
4240592
7962654
9868489
4210668
6767596
3649098
1448376
7183163
2627737
4328689
3002626
7671280
5932362
8978143
9274484
5276743
7756346
6903334
676187
6359238
9321998
136763
3176170
8767698
723773
4059516
3426648
5485406
6683311
2050708
1690675
5293787
3122578
114280
4004462
6896593
3485675
8065738
6729165
2916888
8297209
8655745
4522955
9410756
759863
2155280
8044534
2488197
6297768
5827499
2997695
8020322
6898885
5219188
2857934
646016
9695854
8187331
8380946
435671
631196
7019056
7852757
9848229
7140062
7101622
6372712
763131
471179
1934048
1027935
1970067
6193157
8498212
8396683
6994163
7288315
6242029
6681555
997483
6174174
2903729
7597364
269897
4935986
6902630
9220334
9378352
3696541
1754089
6274375
2473038
6135092
7282582
6687506
3486180
6845005
4249602
5546540
1642355
6893444
7547323
3491984
1675574
6547260
6145735
1988928
9597404
4019614
9618104
2441377
8474724
8902572
4749239
9646490
2384342
7582419
9259670
1374553
2934117
8667136
5404179
1368085
2728858
2665036
3736384
7494305
1448562
1849030
9284705
6294205
1701353
3056389
4571215
3033187
9126360
6586458
9460952
3640088
575603
289051
951076
5235999
3939044
387299
6580523
8687976
818989
5056348
977233
5352913
4054219
1493943
9082216
7485753
6049649
4684770
9248286
4935859
3074412
6354162
9324582
2309265
4256764
928968
970478
2949074
9118488
2843200
8002631
1068820
1942496
8270016
7083665
9037156
7291752
2917253
3774811
1908697
8562120
8713717
677944
3353012
7598079
3762662
6565328
9774675
1579347
8271220
2316543
2323299
3991045
7508950
6598873
6861233
953647
3371535
5612243
8095511
5874882
1965895
88074
3163729
3076464
6977039
6894296
7847407
4671497
640901
698991
6550888
1046073
6937153
5687754
4585334
3941848
7997382
7097233
4475524
7218658
558241
9943948
4849023
2612738
6896508
5289073
8833246
1245020
5268025
5594993
730707
8954690
4691122
2141349
6594416
4218568
1611971
5650544
6129336
2114876
8120760
8008568
2814500
6649864
62601
9418654
8808192
9164783
8040383
1097452
9254115
9976064
2265996
9626909
8764745
4579839
2863925
6666317
4812390
5673827
5854472
4105880
4512219
6607029
7846613
7778700
6440922
5630405
136207
5847900
2748998
9181217
9600621
378111
1614263
1001538
3461950
8997094
1618693
9870474
6520770
472690
6323500
6920237
1389582
9959741
9193458
8119065
5447295
8445737
9981488
7635680
387029
3673467
3963359
7532770
759583
8764830
3282552
5882408
915675
5289480
6123005
931108
673534
1760496
4137488
8521987
5212824
1144875
6674713
1094007
7243246
9589759
1460776
2766778
1482432
8563188
1616188
309663
6439886
1766075
6185964
1758298
3936118
6441223
1084311
8390366
1401659
9042647
2570779
8122037
8214354
3945695
4815473
2965352
7186212
8909300
3913426
1195126
1629400
3633933
2528115
4752568
6031807
1572901
4523136
1408894
9069414
3430637
5995614
4265789
4499760
4351699
9905330
8691310
9812714
3662024
6992419
3101572
3532039
1783784
5890547
9779040
9339460
3810931
4019126
3816025
8323433
7934100
5292506
5405820
9677352
8298001
6168778
7961334
5067802
5221789
5691926
8889050
9471571
3631635
5252164
5142888
4569192
3056193
6724314
6039751
2312236
3882637
1759849
1190200
551971
6813724
9537420
9844878
8626592
8529324
1683748
5297344
2827082
9552524
2172062
9471654
2717955
3485820
8985925
7589714
7443619
8079373
6205770
8126513
5173338
9123447
588289
6917693
811042
2814472
8857966
6933328
4855969
5685577
8453621
7155341
6139774
4606009
7769049
5956832
8745162
2466425
8306503
6366156
6104416
1759548
1765050
4420026
7578577
1529064
7081993
9733892
1958216
9771646
450621
2609909
9302907
7155551
3848441
4742839
5182337
9486921
6218329
5343622
7361911
127421
5274285
1212590
4572279
4407227
1041872
685564
7198968
3570628
5112784
5217570
8945279
1567170
394578
4081311
3440326
7121736
3873914
2120441
8545115
8338734
4657901
9972211
4663105
2691384
8535753
2272137
192891
7613104
6524421
2101292
2434648
3944603
2033505
3419008
7950547
2778912
1214486
306296
6221366
4276038
8813563
3334823
594974
8444959
9272257
1492745
8663173
4685220
7960759
5613449
9508746
5178156
2685024
3693809
177832
2680247
9517815
8302109
4850909
7552963
3139634
5239307
163253
7677803
2248538
2537368
7524870
7149841
2421654
4149959
9873890
8831872
1407580
8692693
7961329
9515691
9940942
1973313
1910387
597065
5355179
6534534
3400119
1669324
4427893
2803286
7441044
8589189
626578
3178799
5851122
5692065
1362799
3223279
904652
7725774
7693008
1358785
6486000
7660649
4073895
3514046
3780736
518652
6221906
2333191
9131430
2292255
9937079
8282843
7050649
5859380
5636121
8833036
7747105
9539342
4525118
4516612
6502503
4126555
3855483
5316891
4818302
4002119
773485
6860748
7465427
1661369
8325726
1321972
8754668
3365993
1816908
2096026
9016090
9496419
8811659
4964762
1380738
1254310
5991832
9978200
5392274
4183044
8955043
9832221
429108
8771530
9429221
3262120
4238936
990358
7595761
1742229
5425208
5328817
993575
4332788
5896882
4376809
7954516
7329733
7150913
2997745
1045671
673315
9871040
3448167
3066306
1744429
6076794
3303718
8475181
8955280
7469325
4998268
2012494
6782732
2355766
6983347
1564353
9136462
5387471
6332440
1011990
5588132
4913107
2461672
9508544
8870204
4124490
5869150
5443769
7060842
9281002
5897278
4706614
5066504
9794269
6935868
9828892
2833418
498822
3990126
3990870
6035179
2588603
6811507
7344674
3242811
8987407
3707592
5441224
7909683
9053022
7425166
3669564
9145983
1870142
5600626
6341213
9087990
6696026
1801911
4599058
6127563
2177580
8694425
2302277
7276486
6426590
1838487
2036740
5736519
4532514
3363696
5368238
5944696
4038509
9025159
2717493
6845640
1538529
5746948
8467025
8024088
2253076
5986844
5002957
1126005
5717754
2838087
6440627
6967710
5473881
6505542
5602782
2595221
7075702
1550788
7784874
9103853
5401073
8252441
8726060
7474706
6678229
3299995
1368839
1450058
9900195
7876815
5252002
5144661
7943772
1631217
61004
6152268
4909698
2901695
7921277
2366856
9214818
2770518
911758
6329089
2548522
5678550
177872
7832815
8862462
6759048
2303786
3928963
7280426
6058065
1767352
6399256
9678579
3727465
8753767
1000929
7873614
6805350
5301606
538711
2727860
3444615
4956351
4094794
3405749
753596
7111281
7304335
1793426
9411816
1858117
8358854
9847659
9754932
3337180
7781933
3586931
5229834
8625165
8925382
8979426
1182102
8604343
1861748
224107
5796085
5803466
1952671
1244597
5342244
1247262
8172658
6581089
6326476
5590231
3588040
8984207
6711703
4313316
3800993
2830857
8980081
9528750
8182556
9557671
7353716
5011443
8813000
264202
2117865
1265790
4331641
4264249
4765440
6669703
5282854
1186152
2099825
8453189
4124855
5572794
936645
7344021
5223392
5225602
6660849
4879792
7791295
9118214
9356441
9645818
9764900
1698052
9835167
5991040
7480016
7592801
4770624
150182
7409306
1907951
5289867
2470313
3325695
4113052
8489816
3423253
3831114
1997017
5589460
7679924
8021338
3469529
1012293
653381
7261428
9905279
1056450
7965121
7003915
1098583
3111027
1847906
5691692
4892755
4813018
3091667
6189036
3619228
3678732
6720967
4917324
1637398
7342081
2212597
23617
1067853
4252143
231471
7501746
4158406
5348920
2853418
810820
6654744
8502774
5227405
7082171
5597181
935521
706344
2407877
4267793
6128669
8553698
5934917
372085
3049831
2081618
2966193
4333047
2874146
3580133
4188350
3667186
7194777
2183839
4586717
5443537
8123971
855318
6343223
9689796
4362335
6552566
6199869
758737
4804778
8590907
2476777
2472135
9715733
5876001
8215845
7819871
5582602
6057264
6578711
9388991
9474986
209874
1365561
6637810
340658
1782729
2645546
5785619
258230
4392594
5608597
4458522
5138836
9707201
6105531
756466
628757
7715639
1645813
4153406
5906548
7444851
1836904
9143550
2048059
5038946
9404480
3664858
8752454
106896
1969372
9069361
5805994
5407019
5298577
6596805
4314001
883753
8041445
5019327
4116502
2406756
7858068
3740580
8906619
6323703
3295701
6769304
9785842
4831116
2683623
1173816
1152703
2661635
4966957
7256835
381870
344837
3146763
9433032
5457501
5819222
463929
9911881
7748693
3535038
4041465
1283782
8273483
1361235
713799
8088055
3076825
1609742
5263191
8018900
1003630
5688531
5855255
7325092
2902818
5657620
1326942
6524802
2444623
554610
234041
856832
8199656
9105772
991166
994124
8988350
3165959
5961088
1843486
3712773
2419922
917569
6748289
4078165
3776762
8804714
8919786
6920283
7488562
8885147
5548291
8544421
3578203
5383222
6596143
8860465
6757986
6657325
2839766
1208486
2391161
2147029
8937003
55571
6985525
7301855
6134246
5656433
6576101
6674
3553611
5655972
7888009
4006460
1660593
4953629
2723962
2655052
2488605
653228
6013472
1298375
7510697
3930345
5320677
9205096
5012032
2737525
4160621
473116
461292
5376962
7829473
2547954
3331116
4978555
1484789
2368133
4007122
3610908
2743951
3701799
6102347
7820491
7139677
4874139
607197
2734578
2962745
8530262
3798512
5148929
1835433
6549825
9540870
4650241
103240
9830147
3331165
5714016
2273501
8856917
1233100
7119194
5753525
1046809
1739737
1262859
6578170
1034841
8652092
3509354
8866725
1358786
5663321
7293677
4216190
6464432
4983517
4547684
3397759
8698778
4720004
6268914
5214700
581227
8550189
1431246
3931733
5215900
4511924
4501968
9605796
9587162
3158866
1665386
853077
8640337
4713175
4681110
9364120
9283983
7658246
9586931
7587766
9627995
8606312
5703524
1642870
6625804
1325963
3626037
735918
8333597
1538705
6079477
2480726
7451096
2451142
9643890
9554585
1834957
4083481
1552901
3448443
6215121
2264510
778315
5761252
5494186
4763841
3946164
6884258
3928188
3590350
5198795
6446807
2600159
6455502
6320821
1195836
2989093
6895094
3456737
8149099
6792156
3865333
4017643
2520216
4473769
7889385
8155748
1247870
2633338
3271184
6057212
6396310
7761151
7646806
8739302
7748915
6632279
1580381
8270171
9080119
7901815
6782108
4083281
1329341
7867468
7190022
92449
3388036
5988688
1840719
9877996
606979
194499
2471520
635279
2526440
4000346
557894
91489
3854200
5870607
3004184
6079961
9201162
9917436
8400882
9281042
5543004
4152754
2126849
6602713
1115819
1862096
3075327
9518964
6440290
949626
8976060
7761521
2620175
900735
7174684
1936702
2488301
3135397
1130739
4890137
1010787
4624012
7213451
8461390
7376431
5593968
2931416
2934843
7343976
6092047
9989090
8366499
5404534
6534472
8934952
3597896
9955571
911158
7510505
4139662
8695525
7332396
752185
6011691
9698880
7787391
5228357
3795470
6372844
8398991
7899341
9170401
7652408
5968519
567821
4007391
9657886
8759522
7089648
8269697
7099879
5127222
6627562
8578121
8425868
3133105
8924024
4014648
8383605
3091610
3631605
2148982
4127051
917053
5730084
6123903
589012
9359527
7927774
7090405
6699652
9809135
1402424
8624064
5971630
4209873
1866517
3505767
4819965
6348776
1266942
5049857
1034663
2345377
5094516
6125581
9247697
4663547
8368251
9375302
1119415
5458204
1486393
3691895
2554374
6880258
6337795
453070
8379793
7256770
922536
3008487
2723858
3705912
3154039
3141747
483019
2386632
7152400
1165977
168724
8569535
1799570
5602327
1725465
634295
5939103
5762859
1729478
4572542
7962145
8148687
8839028
5875305
4686732
9704935
2559359
8613211
92248
4302687
1243893
5653863
4870273
7208943
6910270
1443745
3239956
4225855
6855650
7787505
4074123
5214846
8475841
9287990
7087059
6986708
4292351
9281453
9614976
2423502
4598339
6643011
2845388
1604415
9347887
3025377
3821037
2328556
8416153
4888829
652490
5532116
1337234
3713868
1186988
3912930
1682329
556332
8175789
9125159
1098871
6868148
8907652
8638493
4087396
4000047
8038996
2351417
9024125
5933447
993042
9234636
9664952
8125967
7341788
1277247
4816417
4942052
1373048
333700
7597942
8118658
6654441
8208467
8021742
1379792
2615211
4878416
6929164
4463591
9160636
1043295
8535643
1133104
3534446
6132964
3020126
919294
8438453
1926386
7707326
9530348
3973618
908144
789667
3488687
2946332
1687086
9754110
2666415
2784246
6892991
5627670
9040021
6132111
6509837
165513
2563361
6434700
6693087
7318526
722230
3874770
945543
682494
1311193
1883143
918351
3508344
5867565
8590765
5847212
9517091
1399613
1175762
6249211
8763870
6454563
8433675
1927945
8999819
4502690
1930750
1567950
8873206
1835551
255431
427108
5080813
6822746
6581392
1879276
912288
8395368
6181843
9366454
7845689
8445297
243895
930275
8624541
4097152
1702528
4859077
7265596
7894022
3128399
2981702
2088201
4295908
1298443
7639521
5567477
6010841
814483
8977079
2963656
143334
4966995
1121143
7852490
41039
1722057
1467430
6493617
2124690
6409280
5847386
9522737
6927862
8738758
7925278
4066573
510138
1117063
4931461
8627961
17715
4377
9642313
5333837
5859610
825773
4037408
8712499
8340985
2416679
3381644
3187912
5486051
6807166
5055748
2438414
9961805
7561944
3420058
7541394
8118904
3181872
5743470
9540955
9752750
4124412
4489417
2746646
8223522
5639837
6591995
6642551
1156567
6524748
522821
8475359
541561
1587063
3554880
6908640
2366956
442356
5834513
1536055
2198885
6384309
4963897
4521350
9322211
420055
5809741
47460
7565874
214712
927944
5353387
1550719
8451072
1284618
169666
9835300
4784875
668711
8438646
1947295
5004315
6823786
6961422
4568575
21835
4680570
7069930
3408417
990381
6503493
7382400
8206878
7747939
7756091
4185485
7507573
866547
6372184
324491
4630322
498580
4605223
7050141
8860370
883634
3182269
6841300
7909116
7303140
8488088
8604111
1676890
9308878
5778056
1308389
8745383
2670916
3522692
3891889
462545
2342682
6282234
1350553
7633675
266866
324434
424148
1394888
6648939
1423983
4224233
4964257
2375854
3407410
1356795
4081799
8808502
3430710
2034102
3448432
3666791
5688507
8298851
3612931
4544947
8023102
2181837
4101557
3305017
7763905
8197641
3079079
4741848
4759430
8395164
1129314
1215954
2653534
2355115
6927599
2955969
526485
1089788
8900494
7912079
394830
1937783
9706204
3580516
7484490
1315918
4800009
2946069
9830852
6466634
9338969
5931467
9893970
3892058
3880235
4347438
3065986
3871089
1460833
8286901
468706
2233345
3616969
6760476
940383
4617301
2472249
1175041
7151806
60299
3609452
6887804
3823050
5491780
9779112
7891028
468078
1715989
9471814
380423
158811
2347287
3921566
972492
2703137
1444096
7165079
940651
17091
9023358
7830840
4144243
2641707
728780
1241166
3929417
6953888
3899615
5396845
363570
9480543
3380398
3867856
1423496
380823
4482035
6533417
2441057
8638334
7824180
7592419
2368328
7186971
4456851
2028565
2969559
5071998
116485
3361362
7266560
985676
1186131
3083141
71366
7576077
2969320
4915516
8745482
3700890
3963280
4010269
8490499
8069609
2630116
4327585
3641465
3851996
2721366
8215238
3223139
4678882
4038853
6668496
3119778
8930957
6961905
4934970
9782731
1689331
2281208
3539829
9093273
6241115
4159982
9716658
5850194
9702033
8911793
378598
7072486
5089825
3607378
6398650
9067227
7693816
748896
9185415
6056870
873245
4362845
6513851
2697042
8018353
1579225
1168747
2475177
6196202
4564046
4183581
3084238
4945648
238294
7648173
3662877
1549503
7058959
6248320
6302527
3689628
6453700
3193811
8146612
8558639
7105356
993747
5105208
768954
1128040
1955349
9454197
2812541
7976710
145798
249150
6256820
4610647
2304598
7956742
5580436
7373046
3070119
5708713
2106987
7429805
6571831
422757
3710661
5934287
9577505
4378801
7949520
9134986
3106782
2600504
7741999
6099800
5521060
9110978
4745068
2500578
4931108
6782000
6315386
7631577
585591
9159577
3262330
2430450
7464642
7150418
5618958
5317073
1339941
2953480
4125426
8435579
4392161
9536834
1510926
6103191
1858076
3214097
8976489
3477161
9398053
7664731
9997350
4344135
9351748
5075878
8758104
9253472
1447553
2584777
5818752
4085293
235875
6307764
425838
4956291
4137282
9534726
7781741
9655923
3217121
564045
9513941
7102118
1833718
5813585
2715435
2641927
3522348
3569187
2456732
1189737
7556709
6051621
538074
4099454
6563173
324480
4675357
2899569
7058612
5146586
2130438
4995250
7555526
4598472
927473
9628994
8960946
9364788
7973532
2796696
7699917
854919
4591519
6030309
2824176
4514859
6645613
2623700
4354777
1377609
8729427
9695366
2633883
82633
4502239
4336534
8701171
1714511
3121151
993825
7804941
3143324
4997012
489334
9505823
2296874
7969993
9144173
2838540
6060722
3390607
5357617
4862719
7749869
9566600
1087164
5477716
8298238
8951506
7572447
5045829
5399106
8764543
7104661
2428528
9437841
881971
1933512
9679345
7110149
819669
610938
4184086
9839193
4247936
4719729
5683729
8736220
5586281
5905952
1261893
3519201
6456813
1568994
621968
1950526
4679821
8984364
1637903
5618764
9880028
7577221
7785864
8998397
2420867
9517000
6542970
5580905
2610399
5279544
322561
6646538
2780112
7783900
7952388
960621
5026261
46544
1024311
3436281
4985103
7773468
267254
6919898
5964825
1284371
3704948
8509864
3053268
6639428
1110507
8419617
9901977
6125534
5241165
2987697
4945271
6609772
8146333
565754
1206140
2479810
3542606
2215195
1489380
9487335
4361427
1890808
3636838
4530237
6804442
2224649
9160667
8333872
110072
4590055
2556338
7521649
5911961
1719953
5616020
3600728
5124892
7757068
2516661
1096576
7091977
2322405
8230262
9501677
6729428
9083336
214662
6529950
7640442
8538736
5067756
3918026
9543662
7248837
8740106
7819180
842089
4704441
9148041
8994886
8291789
2682243
9229648
596411
9461154
2852567
9540505
9058658
1082677
2750457
5781369
2865699
9166974
9108868
2125961
8005232
5960444
6438947
7143194
6686594
3289277
1801564
2468500
2070386
856524
5946008
7391286
412200
1002592
2907344
2642792
9695132
4796898
2283460
6717954
5836685
6684516
5351844
1930045
7973302
6914686
1254323
7618982
7283657
9990976
4909756
6830789
2908761
5629267
5777166
2695045
741307
3550508
1752143
4534183
2303376
4372023
3285621
4880613
8062950
2999452
1275093
7020934
3554405
9089559
986659
3341410
400052
7037546
5547224
2321419
9221894
9497353
329652
7663847
3083724
7320226
32129
4118237
3862479
8777103
2635027
7681795
2782067
6310972
5427178
6411964
8772032
141122
5243375
685051
5538492
2239708
9993170
5140513
6557495
6617410
8721809
6340288
5449190
2186638
1162910
4832035
2516749
372126
4041174
2515189
6547603
4371084
6382958
9971382
6013013
7969163
6272294
659835
7767939
4066402
8892107
4559240
9587002
3346416
6194268
8486417
5152424
2004825
9594988
561103
6217187
7664646
9000852
6923765
856669
9193837
2904679
1396330
5147169
1129490
7735271
4463672
3480718
7879193
6063381
5236204
2829891
4535598
7983629
7347982
211583
6712120
8983864
1347965
7249902
997169
2204364
6655826
3792552
1244359
8662070
645136
1208679
5339269
9797887
9806279
1094865
422285
9380572
6767077
7566073
6039425
6682834
9695109
1896859
7385377
7900281
8781863
7206352
4506924
8583332
8527963
9399728
7002274
2840475
8073465
7988718
590847
9275656
53945
2366475
2165792
6524753
916305
4860511
8345144
1411407
1910345
6857392
5114374
2476873
7728392
9535253
5858009
8910864
5797707
8703451
2841742
3344501
7123732
3729187
7293721
9819354
6774858
8624443
2606307
4119060
4614467
2290150
889150
3670865
8585042
4352703
3133456
2958928
5787357
9242431
7226301
724537
4880261
8159145
2746797
5936159
1145200
2594762
2248295
1739999
4200971
4537736
4578266
698084
5391814
2990042
3917609
2131743
4947018
2310066
2613115
1304744
6020908
7924804
7809811
6338919
1762807
82846
6673746
2764276
6239773
1514130
7416892
8680754
1681872
5118975
276438
8586107
8793664
8301497
852350
3537682
6543073
2051738
6058657
6000253
7990715
6730887
6735640
9297680
1194545
301751
3174632
8240855
6066252
6658965
2128382
8527350
8541805
3502445
9239276
9419705
4447988
634916
2214048
4108224
7714893
7279018
6815245
3100405
8302722
7723224
5213789
3750221
6197843
8472565
7381786
1204562
680702
8206513
7103089
4763500
366829
5522676
48833
8260233
3593298
4860452
2332995
5875311
3953596
6742988
6613316
7216836
3271290
7324257
7508654
6328267
4184648
8812100
7767525
4415775
6793423
8590840
5773166
7532615
3003721
2284457
168656
1755306
8485683
620476
6529676
6104616
843955
6219862
3512613
4706426
9046043
1852731
745312
4380708
836106
7096660
7187537
5668216
8651710
3174741
1347088
9858448
6553096
9497174
2140427
9795241
1368422
7009000
9409583
4300005
2609542
486732
2336935
1274474
6521879
301444
6908843
23564
1209819
1212491
2635910
7863166
2052456
4459757
8696397
1034595
1596684
2562446
5373008
5591648
6772687
6204777
9062751
446763
6999672
1707956
5798121
5548146
5180686
4611874
4653434
6801403
1484916
1245543
9747515
3254632
2028517
6783211
6710937
6881212
7417449
4198198
3036591
8848350
2080381
9760387
3891579
7732146
2873641
3957779
9142685
2162798
5427325
4521823
5220719
6759707
4321725
7674447
9644495
1335319
3811600
6157601
2359713
4358960
9028342
9020084
7998628
1868712
5529748
1187288
5758563
711386
9991252
5863655
3815955
8927422
3727057
7023920
7441886
6637004
7704113
3049760
7733177
1450488
2773507
2959710
4027851
9168898
7252767
1520448
7061647
7203747
7908690
7374725
2077635
7624186
9192708
3687188
8859061
3720756
7943950
5069018
8292313
9968760
5284194
6040838
5715780
4876513
3685183
2066544
1249981
6361679
8156085
6976301
2676967
3520139
7925560
2933359
4925865
1125183
4816412
5756397
3387797
7854041
8682797
740273
1606670
8340072
1460556
8175888
2001103
5244017
8919801
5690944
7406842
9369157
1661712
4584629
8071516
9385323
6592835
5333804
3920627
3928268
5687439
4113568
4826482
8299713
9877751
3306038
1677670
500721
9897938
8587198
1114312
5875096
2519861
3588930
429889
8844420
5442013
2861820
7814409
7028832
7328380
541717
1515705
5565925
3624345
5045733
6730601
912025
111229
8724462
9818995
3192408
5545133
292783
2935670
1688299
9673600
8133956
9489614
6091159
3931540
5696993
147088
1690649
1597829
4947529
7234821
9960368
6908006
6707504
1912628
8964939
3706842
9402918
2969685
1123321
9159653
4013023
7503119
7763529
2139920
1996735
6274268
8313363
6226870
6964893
6058632
4255723
1398289
7034002
3847172
9054070
5574635
9202827
6780713
5224606
6995295
8571016
6471799
1672030
3957893
9314169
4593533
5111083
6000904
6704018
1585522
5240989
1271280
1199598
6869141
357062
8773880
7531330
6116499
3658502
2682392
2427467
4550804
8122384
614281
3975579
4048104
8841267
1975170
841160
6372553
1533816
6197715
8160062
2268039
5649012
8519070
6644908
8992650
1099317
8144782
623716
1070616
3074438
103976
3191644
1020426
2633782
2845677
6978038
5916744
3973695
7349567
3855619
7569934
4161690
4295871
9469390
5174169
8873517
6202095
243959
692111
3939147
219904
622035
2479895
8208275
9162572
8480036
4971939
1467516
792316
3227744
6073694
6930164
825794
7377848
8848545
8031263
8426264
5691858
5559542
3329298
3070177
2794984
689206
3786648
7333319
3103711
61832
2728807
9361604
9690196
807047
3650847
1203871
8793505
180015
1943220
5806634
4774925
1876224
4484550
2554504
4073389
6476745
6200891
6161745
9247946
938654
15231
4670713
5563652
5429674
8531044
8830417
1898455
6796291
3527710
5253219
1185245
830306
6523620
929046
799905
4046518
5727315
8794699
7532728
6219636
1083187
9197093
2996736
5658582
4369950
7013416
4244510
7683359
1121654
672077
6203535
7133127
4188571
830392
3183072
5926633
9023711
5537576
8335008
7785210
9693447
2933325
3597297
3361367
4593943
5388717
7534438
7836356
5748151
3423948
109906
4862173
3246755
3623740
1556066
7724433
4557077
6195661
43349
6601486
124016
4102087
2554872
9342982
1964454
889997
2709781
8098372
9878290
5567436
7830080
947964
3944781
4509976
9384658
8881157
5002589
9110371
4688757
9963167
2260937
6870208
7298849
4465984
3336503
2898062
6706308
5935023
2941184
5018170
76642
9315312
6189406
5049800
4831488
4326605
4809854
8354563
8142085
3134871
555058
248807
4116138
5442110
709383
8643078
2477120
1255382
5196047
6670457
8999646
1261136
8274621
2393738
3739418
2001179
4047893
7386200
8020747
7138055
9930523
171469
1111508
9822799
1550132
3515652
416955
2169953
8528662
3839838
9003343
7877599
5035322
81883
66418
9344088
3190751
9014759
9442268
1082353
5135348
4511591
5025702
9784256
6501488
808155
8499585
1669116
483056
9479277
3282152
8050856
5976020
2950978
1760148
7887547
4499000
3927712
5586858
677450
2954773
5829864
674695
8971201
1720438
3364290
8650024
5775936
762326
4879281
5002855
7595517
5355224
9390226
1983925
7537481
2868062
4629627
4722821
5268786
5637516
2137511
2385116
4517153
109301
6513513
5084505
1091914
7427276
596057
8091503
4786876
9892093
5624363
6154379
4061067
803893
1721534
1826996
8576470
5953074
5031343
642555
4148376
3954396
4758998
6892751
457025
2708476
5548102
8358755
6006057
8453959
4880774
5843775
5122192
9492733
3277522
7833416
3996704
695552
2958070
2186948
7067890
4213564
2860265
9776417
5605006
3728275
5529538
5084374
2031151
3814474
677854
3585804
5747571
6857784
4320656
904990
1069922
7844081
3141255
4070883
6883824
6690489
876242
9910253
4390169
155649
7341045
9651033
7897808
1758366
9874635
6863801
4689729
995795
116949
9269874
8890874
3399699
7334729
7126094
4449545
4571020
7677538
2428508
6860297
4659022
9594135
8344802
2712030
5037564
6517548
1983360
3046010
4837124
4325141
8606152
6173748
229077
8247419
5483773
3549220
7897219
9637011
9980176
3127947
9015341
671189
8039926
7402033
9186041
5345565
3220298
6447858
5737578
2645907
5050098
1091933
9558369
1351383
2467595
3174816
6135450
547805
9095808
9132204
8642163
5309620
3535939
7560770
6727547
150448
5514965
6739595
4186008
6157482
1661433
2728912
5884613
9755981
7525617
8307133
3540874
5252280
3633574
9120531
3679634
2501513
8569251
2283717
5520411
1968143
5767717
9944826
3344102
5052164
3063622
4072655
6909595
5921240
5007779
3516067
6241726
4624050
3985493
5720968
4953155
2789373
3546946
3491923
758973
5226617
7328269
2814224
6466710
6415150
6182109
9800565
9926074
5143934
1637956
1076968
4079627
4721235
3313108
2893604
2933471
6442560
707889
3720573
1742780
3006292
347522
1100068
1118172
9546708
2315772
5694953
8506242
798283
7288280
2817667
8151036
898795
2164692
1771741
3531833
8697456
3146483
9421377
6220319
8415329
3160329
1304445
6958593
6049066
6965777
5055206
5366431
6924052
3603195
3765105
1032892
5506917
5256033
9956853
1795258
3033119
9968625
9072864
9854780
3865110
9397667
4853127
8810921
5512060
4998601
5814770
9881013
9937666
8154685
9004685
9190083
4828894
5561517
9673549
1975548
8512894
6420041
7805776
6567265
9405923
6313193
1809233
1049392
4360464
1275467
1297410
1788442
3596678
5385145
6476926
8275416
6370419
6399289
2788700
9366989
5272728
4283031
2322519
1029401
1355851
3534968
4915067
1731410
3095057
6972872
5615719
5307179
7456298
8000756
8283001
840238
4369523
7860448
3988775
6872556
1235185
5424496
6876376
1308206
1143409
5698160
8795425
6780143
2152901
6027746
135819
886258
5909805
1074414
2373246
8467847
9459036
439362
1888606
3937770
6153677
5936466
211946
9191991
4859158
8519790
6083511
3329097
8627691
5571033
1110990
9964875
643500
1839769
4711889
256864
5414295
1611294
3704339
2128270
1241345
9449143
6935668
9921100
8776869
3816330
779850
7812586
9287645
4299321
7357021
7049324
7949401
4044159
3033291
6255160
3401753
5784867
1752110
2384993
7210406
5415346
3817679
8131609
7323728
823586
8472168
1983186
4911428
4471394
6771444
5762013
121596
354677
3371986
4979973
1650760
4252992
9810095
8573620
3623356
6852312
7206237
6543558
1076260
6176024
2186802
960483
5691456
5076790
3458906
4404969
1566544
1501986
5740851
1504038
5205587
2546604
9689458
761567
9415378
1947100
1822281
443755
7653891
6198573
149171
989502
4551965
3916974
3715855
6550001
6752685
2453912
5715598
9955495
8218029
8977006
7197532
7520620
7975945
552209
8918706
5168293
2441749
8668721
6625303
819328
2440994
4479580
724645
1927735
1087191
4568041
1335200
579415
6980345
1313233
7672888
5148854
827535
2554112
9482743
5809432
943451
4065598
7383304
8530384
5224677
7804827
4552067
5244301
6720619
7873517
6419530
6751023
2217295
5770283
6091802
8580953
226586
4278508
5308463
4696014
1743787
5891016
801674
5291145
9731725
6402287
5833276
2439070
7903825
9566884
9230614
3892268
5339807
8581194
9074096
870154
9169155
3932300
6724308
1516676
9652643
275424
8000496
3045506
9358093
6645838
5970721
1722058
192374
3230800
9665126
5666376
7513135
1395440
8935774
1219341
7507997
2061214
7732316
8784846
4751570
2337405
2766493
7467678
8513507
8333715
9404052
1286779
5821758
6414898
8287360
3771864
7705363
5258350
1213420
4313837
3698733
3504634
8104876
6039643
2871164
5623121
9167482
9356032
5801494
4464670
5087259
2679461
1562526
7207519
7974405
2213035
1177793
1430248
9127680
4795556
7193854
7781848
6883388
1260039
7209481
7576047
398819
776576
8820954
1229687
3362922
4185620
6181691
526732
8743189
4189226
2733690
2936307
7595348
4553350
7735369
2354844
9069482
5256135
1379539
4165636
7748208
8396979
417689
4650647
5715833
3768748
7311424
2212295
7986720
8617207
7890775
4241949
1764896
155554
233553
3444602
2196438
7100915
2696146
1565534
333411
833943
1265023
456282
4349882
1049066
6350515
4112496
1162434
6083104
5948095
5721909
2988005
4050465
4285232
7206355
2073509
8576786
5009332
4398503
5150912
9657230
6148230
7949579
8681418
4423175
8955610
5599192
4509062
66553
3572129
1442855
300901
2060941
8909876
4537097
4255044
5588948
5359626
7601776
8289164
3086460
532679
3192793
2553908
5466894
3920903
483643
9346107
7988469
4227154
7287099
6356732
7949946
2402709
6653009
4528982
4787051
9204737
77875
655634
172376
9834887
9590198
2555961
7719937
5113714
5607576
9788028
6534435
7272995
3424076
1098624
2480230
3892581
915740
2807266
9557356
2681426
4221261
3476655
8073842
6722084
7012892
3518290
4039431
1449978
8263512
3448172
5758612
3417438
4018140
8639029
6848620
4149114
1890570
6284140
7160894
5107829
4154435
2660048
8830300
3453533
5165120
4630988
3234649
1626703
2457751
5281580
7056087
9020739
9539952
6546194
5456934
6450649
8222426
6407839
9839141
9275707
4994714
202586
379614
7155573
1734647
5054087
9956987
9186218
5499741
7524675
9000831
3328614
966278
7905100
324362
7329811
8115889
4099942
7622333
5689105
5253088
2033379
92093
4723480
986475
1413532
5239539
3929940
6452496
2927502
4359523
5559861
4216708
4249764
4033439
526711
2768437
7760492
7149746
4480956
836182
3725028
2622223
6178997
6547940
6021709
7756159
2051395
6508617
192943
4526677
2654689
69488
282196
7378074
4671229
2542285
2035134
665230
614077
7095398
1026428
3566959
9661975
4980665
1453587
4793297
4572603
55353
4370174
6448097
2582392
5270582
9325705
48098
7993994
7232427
7309301
3099038
4146382
736525
1153855
8673847
3688455
8039068
9725705
4944987
2788358
565448
7605666
5433933
5052472
655614
9843515
3760489
5720837
5770979
7346811
2481076
8621066
8690408
4236703
1650001
6908841
6307868
5347395
1392602
4376987
7951389
8244737
5648305
5234106
4957701
845703
5477552
9351914
7034946
2985412
3741062
9500715
4391365
1863412
686063
3518670
6850652
9971941
1927973
9987631
1282068
7832472
1026099
1829609
9465282
3313088
6476709
8918862
5810723
8680755
8157177
9722858
9134972
2331273
5213007
9295856
8446291
3391951
5806198
4507869
4834931
9963071
1949089
6435588
6257261
5254559
2760788
5256792
7343862
6380229
8519114
5625391
5262694
7610572
9615735
8626017
5883313
9105656
3594853
8897725
7018274
7811847
6026092
1114358
6842514
7099398
9861181
4474437
5695648
7109630
7539264
8698060
2735656
9990304
2045779
9590888
3418606
9042278
9719761
3806493
7971883
3707297
8696646
6140602
6219130
1379800
1018481
5815753
2044517
3652297
2802451
7437708
8993957
4287837
9679364
8791474
6142092
571870
471897
6383850
4812423
3460528
5538691
4959455
9381839
713906
4085306
4682359
8540466
8629728
5171471
732919
2366340
3499438
9634197
4514575
5464501
4807338
218829
2084569
9793576
305807
2040321
9527859
6760606
9302001
7342105
4147796
9443924
9747348
2704443
3098731
1712520
3458987
7969777
6911425
6537084
8357345
4507335
8613377
4074145
1941230
3123242
6026805
5786316
4830532
2952303
6931106
2006054
9375520
3138793
2484367
7330025
3337229
5501114
5019717
7012766
4814364
5607439
9636211
8770487
4672551
1438359
4354127
79277
3862872
423679
1759760
1579305
3996967
5637357
8689208
2343385
1498037
3194169
2385119
4103329
5737473
982864
3967359
9742976
6865749
821755
1182804
4237594
5692554
1815951
2169609
3044993
7632626
4674569
5254107
6131254
4184963
4362456
4211349
6265375
402914
689146
4365119
7587902
6065470
7292894
3822602
1663202
9198934
3608043
5138177
861140
3960318
1140953
1273806
1977499
9554344
9919636
1279185
9964436
5693882
7153145
5266739
5633232
4900834
9010097
4156795
1515340
3776359
7071467
4178430
2603949
9233298
2993713
6407906
7355395
2850990
5885163
3357980
2550981
6214863
4538019
7449267
8771125
9018209
3676556
7112998
6173888
5135525
3132380
3976380
5089047
8250958
3005139
6271434
1630452
7572957
9214768
555482
5834589
7212198
6230179
9655147
6701143
5295440
7440051
3644959
396673
9839917
6644111
2181297
4931134
8627275
8238730
9235468
5625204
6030544
4464486
6119478
7418801
3160308
3854046
113425
9766330
4887194
9116856
8977613
5636352
8559478
520933
2728510
7601989
4404946
8043768
2056702
4451445
142626
5489427
4821703
6964480
1788551
1423164
2908544
4988761
2780973
2240588
7538147
5907689
7141004
8190531
1377656
5520012
6224538
9873291
7409232
7201738
1748604
1973857
9791873
3861991
9275460
2176726
5022068
2776350
805418
3481424
3520539
4162501
2114890
5904448
2299315
4502753
2210387
3521922
1762024
8557124
4473731
7824601
4663278
8809509
1619153
9453944
8709458
8416722
9171917
7356951
9746881
641626
8743730
8539733
1976937
5828502
2829002
6830707
4648479
3220301
2620688
6725637
1691990
2797725
4177450
3947891
2525149
3031582
8406074
4333185
5707316
1829370
7988458
9156617
8334514
6123911
1280238
8751360
443664
6848012
2720720
3983259
8110006
8640945
1776836
6925839
6658112
7455627
1661754
3645025
751567
4062316
5760247
5211150
9383032
9980496
6111178
4103651
4780107
9504500
9532330
4399317
1151114
4796654
7973631
8992463
2335460
3855845
1356903
4051398
2323681
8734641
2521046
4465037
13734
2859461
6252813
1172460
9555420
5973633
5258010
66441
2176214
8651233
8076520
8707487
4628215
8673230
2660495
9331465
3125800
8983950
9345664
3507622
5105486
9422362
3678955
8240110
8582021
1108876
8532008
9946595
7545739
4535765
873240
181475
418878
7209782
9146536
2607868
6326716
9859504
5914639
9834144
8252766
7163207
7340583
9518275
8852726
913474
3049075
6216591
7462332
1165188
8433436
9486590
7024831
1222036
1046485
7573393
6233490
4203360
5402992
2886891
6736038
1509070
1419517
8701660
9718864
3741168
4716014
3392843
716250
559971
9293343
2683330
858465
4576829
3300438
4312219
639123
6710692
7918604
6219587
7401606
3029861
2760679
8132920
7547168
7047099
1766274
2881663
1873543
6599457
9790035
9381442
9600147
2759635
4198443
8640280
9671409
1685877
4974221
2985964
6946285
8708294
6809912
9060481
8502634
7128546
2158389
7243095
3311070
1400879
5309136
6712246
1816149
9205793
1270894
2270068
4978959
6381042
1424480
860181
3921251
4156113
867704
4210778
8804239
1039472
9903047
9488759
5669361
3000703
8240143
7927564
4852178
5505268
2750328
1020718
818259
5202896
5962861
8193562
4386112
7169548
9502791
1915153
2726097
7642858
9125599
9468402
1325708
26519
1367332
9997687
7643841
548076
3540773
96353
4262602
9392994
1649065
9831160
5043597
8023528
9116218
3584767
6462468
7359133
9071858
8678864
6870710
2114174
8803616
9870657
2228220
9211630
9156090
3335569
5261636
7020218
8864571
2623479
4210153
8328631
576274
6407151
8739205
5439123
1618224
3834511
9213549
2858868
4388239
4425656
7523325
8845583
8065377
5421645
3382193
6478729
808770
1621170
6377144
3410929
1048586
4119555
6630561
930040
738041
9549047
7428473
5105390
3294234
4941180
6589841
4859467
9336187
1332643
3279758
6467736
9185043
8728602
4990710
1061159
94078
5793821
4126240
2085027
9881911
9961657
2580949
6025701
958015
9118439
9963153
6006728
4465986
8261084
9021028
4017149
8927271
6581925
9549801
6391674
1961715
4221005
5191580
9963023
9404712
2288337
6348007
9574929
9733563
4990153
5262061
7069497
559494
2910866
6852114
861642
4337780
998317
2470701
2327485
8485192
4698490
6510114
7648500
1070205
7163942
1250747
9345545
7397230
6411996
6015844
5840231
3803901
5886658
7548417
2391628
8601810
7787877
7104406
7402595
1166321
968515
8356727
9745525
1718002
9217190
989482
3626808
2888492
164559
8389000
5726830
2255656
8336526
812658
5428417
6533423
1786570
5013884
3834096
2317712
7208542
7579325
7977844
7817651
2989386
9588413
814895
9123807
2652545
9139440
150550
3085959
6432326
7492607
4568518
443774
2324409
8524073
7377727
6173567
6113172
5601724
7241969
3510300
9353881
7752417
3678524
1173885
7001779
1045339
5108926
9188351
3897452
7722020
9277017
5301281
5768930
4991624
4984750
9516724
401299
6523913
5425249
7811702
8636953
7833039
3738296
5867537
6058729
6065314
4967352
6424703
6062158
5483409
2869278
7592069
1171075
1325137
4011276
8840797
4347365
6637966
9697035
9779722
8593906
602431
6566752
9508773
7876306
6913235
712771
4345808
9892239
1019793
9927804
9480420
4028258
760617
9925333
5529087
9143815
5160097
5515149
716258
3177188
3305511
